321922
368434
219979
240538
192700
160602
161204
146997
205542
173394
223948
164696
145690
139549
165565
135456
134792
189378
180485
164579
178940
160766
174014
132691
133434
178411
149973
211702
159511
233112
217101
165858
136133
131669
165625
136701
176515
204065
191470
153099
157917
224262
177069
159017
157434
198025
247193
179967
174266
169577
165020
139477
154175
184977
145329
204952
289645
257275
225262
207881
221586
222201
295633
278566
280546
245796
235226
139976
143267
162043
181221
181616
167490
191171
187926
135113
153596
182471
136361
143201
221535
194359
181989
168865
170995
146834
142913
135096
154764
175824
164294
190816
199343
149351
131713
162703
152203
145305
178289
217664
210565
229950
245540
210275
204275
210258
206608
215033
245359
290493
154674
147744
154047
133763
133079
156589
136393
202877
205666
183158
161875
135103
152114
174552
128883
158237
190532
183849
187315
137141
130592
136417
136563
143818
167839
152505
175143
192811
183545
154471
162500
164366
185171
174374
161789
164892
222734
190742
204599
177239
225101
240962
162954
143652
160034
155393
133056
184381
139601
156950
142903
195549
185351
153750
156068
144426
149780
138096
133905
147862
141817
149927
132292
150453
210155
140710
162394
159303
188722
176008
166157
176289
179831
208884
185695
166734
184409
178082
189576
170378
168457
185621
201210
208142
199640
173974
175075
190034
192017
184312
190062
205007
206698
180247
181874
214746
192473
187864
177093
188853
198534
239345
198490
185599
190382
199776
199038
211024
257732
227868
229583
153589
143178
145867
159647
131206
128279
150132
144657
217655
188859
199938
192197
196412
195445
187910
233058
191911
281681
209463
196618
193398
198313
189187
185861
228219
212197
210805
217248
214768
217483
215307
202165
206018
201669
202490
212169
230170
208509
221444
202879
251787
253545
238129
215705
199631
198114
249452
222129
232866
192492
287793
184757
176912
141584
152706
134379
128972
161704
150636
143820
200228
206276
193381
185443
177928
183598
210925
195293
220990
221782
178154
176139
192106
189245
175964
193760
191935
187067
211377
201819
198644
191577
208703
202054
239178
202776
221706
205297
192597
201955
183251
180546
181582
204314
221328
242524
226407
216869
231336
195878
187885
243993
261714
242525
271558
208927
149723
144013
153110
138212
133034
162825
135677
157843
243462
249501
266586
280502
281322
285014
333344
293731
248995
248111
248274
282635
275367
266879
213951
234927
234158
211642
211368
232574
201144
241794
234331
230815
206922
287163
241531
234406
194751
202624
252742
230321
232222
250830
226606
228181
243621
300953
297473
223965
226081
226675
231615
157300
148363
146594
194011
166208
131692
178419
214520
213778
219567
177566
196168
212763
212364
220825
200235
226703
252951
227296
233450
242082
229151
241843
236254
227603
230693
237975
218945
221190
244505
235337
242470
216881
216275
227241
220051
213728
231398
220771
255633
193434
216220
231693
227378
231393
208702
224638
222792
234015
175560
159663
130847
168416
185660
138026
135208
162244
196192
180747
189406
191936
218910
244684
214349
214675
253278
215287
214524
228686
189734
206792
211601
206964
219357
235864
220817
208320
198674
188444
187722
207602
195634
221632
232708
256081
253731
201266
230908
243201
228625
219186
220913
219956
224040
256366
249660
245449
233300
220024
227565
202919
155794
151422
132419
153733
127695
126734
130761
169101
171316
209590
217120
278165
332497
318912
332959
334568
304383
288473
268240
261519
270426
242825
238190
252824
255005
239729
253567
254783
266135
223612
231143
252024
245752
222791
220112
226200
206560
207949
224257
243969
226009
220128
230112
212424
207916
207162
213308
204356
206049
231064
175655
197773
138305
130055
133548
130470
151917
165938
213408
206153
218113
208875
207642
200572
195952
209554
196006
202097
206980
204623
208581
215911
212755
204132
202763
217461
226722
207106
237738
207323
200631
218626
206734
198981
227094
202498
205409
220610
196274
196492
211745
203096
205157
219133
214749
202609
217789
202159
216398
192984
218774
214183
222739
194863
146007
167523
147280
136278
125562
145105
148478
203852
211759
215932
207158
212446
227908
209238
219153
205755
232630
195517
204571
219815
239011
209126
246506
225603
293500
242160
207323
214043
200012
201543
190313
201168
210509
217043
185991
214797
195255
201048
190192
186097
192667
188030
248269
221076
198864
243979
198267
218530
240303
243729
224336
196394
189926
145637
143129
178110
135834
151151
143778
137969
240574
213491
191637
178934
147791
176304
184909
190166
185218
200716
198784
219035
210748
213642
217992
212628
211883
219150
253872
198917
188959
186016
199074
201339
186948
217498
209908
246380
213426
196811
196055
199303
202644
297090
233349
183649
154189
168463
142893
130116
134075
129525
139065
147623
143997
162798
144801
132203
164628
150342
132028
137155
134155
133723
132628
135629
143755
178650
184861
169598
177283
203673
193706
223585
203372
184502
178802
200768
195345
223222
202848
217861
201278
187443
225695
230736
204278
175771
173978
225488
181978
203403
199039
196495
184690
191774
180579
189892
217511
213137
217496
229064
210298
201137
196675
192065
190899
198923
191011
192885
229638
194107
162767
136384
161529
135880
153552
146445
129625
172881
185534
215606
192129
184337
216627
191764
225755
192790
218037
235008
206980
198707
191343
186741
198060
185785
219501
204637
211369
190770
210078
192540
203283
193827
219098
194706
229535
199747
193768
210445
208474
196667
186785
185047
235782
218730
224534
208666
229033
211409
216174
216945
190965
204664
205629
170954
198193
162129
132866
141482
184405
131693
152440
181660
201360
185624
202439
196422
189340
187724
238368
197382
244827
222707
220386
207832
206543
190791
198380
310054
191611
184389
172904
204167
194278
193458
264700
203733
198583
187151
226624
237697
241647
239954
213809
211007
227457
209710
211224
351445
277263
204676
235881
176780
183209
139437
166948
174191
148494
139741
178522
160347
140690
150662
170102
135867
135414
150326
130523
140818
148907
187365
140143
179784
140123
143300
146308
131794
128506
146928
133236
136015
142693
146250
156484
150662
158636
154613
171087
168414
172640
169522
176231
175364
172124
189640
188322
181270
189308
192474
191834
194812
202243
209225
215064
231895
211621
204682
207223
244331
190242
148404
146673
146830
138049
133720
138632
149473
158497
212803
199252
201193
195453
194294
205918
206436
211364
209853
216743
207014
193088
195054
198689
216690
195346
204899
309738
227084
196877
199336
209892
210814
205685
199835
206906
210231
191458
197147
240984
203378
206227
216450
207777
200863
212124
221524
199758
199634
218790
225341
224692
200639
217769
208275
199238
147832
144249
134719
127070
135988
135935
182616
180511
212631
206045
208468
214975
228648
215292
217508
231144
206723
214659
210161
208601
212307
202514
206772
213618
205039
195937
207023
198058
217367
220653
209069
219890
202050
223141
214339
206337
208002
210471
196739
195089
229822
220314
199554
228282
216866
209232
215669
211987
206333
212018
215862
200128
155669
166895
131108
134023
132581
129456
153053
199846
212186
205729
200439
210622
199735
206751
195892
201736
252934
200827
221251
219728
220976
218909
223977
212735
224459
210113
205526
210139
196070
207015
215960
199551
207238
233480
202374
207302
219006
235535
220287
205256
212662
215098
225995
213510
209848
198528
202039
214864
207166
206524
218493
226865
244977
173458
149329
133669
145382
125577
149950
154946
214502
197973
216535
191212
200740
236068
226636
227762
211718
231402
216960
192403
204883
192549
188968
233724
194275
216134
201048
198626
196755
193948
199731
219827
374110
355122
340942
310655
263241
263873
288991
286811
240886
235155
258830
232719
238046
241445
225535
234444
171147
157682
154334
132692
154441
179210
213955
216040
229665
242316
290698
192707
177777
223887
206213
192894
196857
209597
199482
235602
206043
230962
192144
230163
221786
230211
198430
204672
211397
209731
193369
202773
230077
246930
225492
222177
199818
239580
195931
215030
253602
213676
201751
199422
197619
195169
195639
248253
204069
232745
216387
155260
149753
133040
138588
175729
127982
140525
211158
221644
254549
199463
203193
190759
190055
189146
223174
232485
234825
204184
194477
197201
221500
185720
227663
200007
199870
190033
190185
194595
177927
180772
236882
205151
195916
194077
206138
203363
185955
187647
363296
282114
197514
232046
152116
149687
142817
146691
148440
144380
145724
147763
155913
191404
146416
160937
133618
161087
156484
137398
161139
132292
134667
180970
137943
166740
183704
183189
171683
172746
184703
202527
199718
175464
205013
183309
185515
183820
202946
197857
219791
223027
215762
191522
187500
199033
188363
189378
208183
205678
213037
187741
186668
204886
225077
188570
209009
216274
202984
200596
192873
187384
201831
224949
210434
275607
198764
220197
259402
175582
154997
148395
141128
146571
137446
137618
161143
173837
187937
184440
197777
210287
187240
229557
198502
201960
207159
191272
190905
184435
213359
208767
232131
209748
199297
200908
193913
240565
231031
233357
221209
198204
205004
213724
217450
199672
195083
205311
192955
221885
213741
222232
222232
231104
204851
191093
191883
201937
193524
221757
209869
194310
231964
171208
142130
139390
183394
146723
130390
163458
157568
189480
218552
186933
223276
203974
178304
198874
185312
193176
186931
218911
185690
202078
200415
214035
198187
190054
201641
202397
209574
204632
229147
226118
197072
227017
254167
208651
210306
213768
195612
220759
209445
197969
192025
199961
206366
189514
192841
235386
241236
215210
210046
191224
184399
162082
156499
146422
145869
152407
145246
135615
191170
191301
185054
190494
195187
190286
185138
198656
185514
204987
231854
205731
192230
179232
189551
218535
191623
205798
218117
195709
213920
218731
200748
200662
181717
192089
233691
219156
199772
191092
203046
192110
221537
208800
228156
205800
247824
204851
188898
194798
201373
188570
216310
202345
226917
205386
198238
200773
141815
139150
154567
132903
134556
167090
184780
188196
190309
204000
208673
188111
201154
191774
189432
215073
185576
227743
199729
225086
205685
198808
189210
190096
201504
240809
207331
212686
220999
224556
190159
187144
189056
213325
200494
239515
220618
253048
275814
242593
197723
228339
228712
241311
239845
232665
247757
215618
225092
209233
200753
149246
180933
165603
139627
130817
157927
151628
201558
226010
246440
224739
235125
219418
220481
205381
233460
210709
213420
207700
197689
189790
193350
210317
237474
215488
224535
200180
251232
213611
197377
196917
204865
196776
192114
212801
221768
197911
226732
206864
239929
218419
225956
215130
208281
202598
206019
200528
203765
207797
226282
212368
177844
169539
142857
146031
171915
135304
137441
141032
171831
187269
185484
224704
194851
344786
207741
221909
211395
229441
194302
193954
192953
193746
183840
210614
200374
226684
195348
183593
181620
186413
208287
200834
227064
203497
185720
230599
231871
195908
216900
206166
222934
198376
190257
220659
191256
193140
202758
222657
212004
237526
219083
227311
223651
196436
139879
139649
164014
132588
154269
170299
168739
228699
195022
224107
222634
219549
234489
221992
222264
251373
196043
218622
199706
203856
189983
198226
190609
194134
190685
216840
237013
229157
217748
199931
200618
196447
195157
204884
229543
196300
214032
208286
226268
213809
189634
190813
215046
197569
207586
205624
198395
249689
204095
225502
269968
229123
194090
140614
141718
170634
136144
130305
177081
163393
205726
185766
203272
196537
212252
198396
232957
210787
192010
197049
195575
191339
184266
219446
210905
229505
207899
195850
192517
187979
196609
221998
201942
222193
199158
190513
210699
230149
194332
194384
184373
182519
189691
200622
219626
206612
201350
196473
190058
191472
192019
233877
198025
230606
229363
175373
175440
155897
152872
143908
139788
160310
155853
185842
185529
211022
189358
194005
183638
192036
187179
215825
218579
237768
218914
221987
198649
185416
187762
198225
187813
237127
195476
214352
187032
181439
210632
199802
183214
192935
196999
228330
203752
221668
192362
188004
263201
214891
200810
152660
151219
149828
140375
154182
149771
161457
153807
193773
211170
158881
144631
151112
142017
137189
137512
131848
129161
151666
156928
166860
180697
176664
170219
173955
188304
220197
202680
206058
197452
226276
184872
181816
178985
196332
195097
245599
300055
222543
214955
224849
212146
194438
189581
183840
190593
243653
189942
210741
205526
190832
193941
181342
181304
209208
233738
245517
241379
220907
223081
233663
236948
236223
211213
227243
146757
131787
129760
129626
150221
151129
141193
188784
221214
213436
228571
208195
237236
193724
192896
194207
200471
210495
210358
200389
223579
200956
237243
199397
251574
231715
233012
217378
209412
189691
190872
192960
194321
208357
226642
236879
195324
345767
190356
203526
190082
193426
183108
182745
197115
218239
194945
227158
190138
189110
215408
199072
162171
162368
133407
137797
135449
210777
130861
147577
171876
174876
215614
194491
212083
198190
226910
200260
191959
197573
196554
187513
211695
199507
186431
192342
184541
181936
215312
231358
216097
216128
205558
224337
186479
205336
193014
201409
185098
228977
231130
214563
202384
212415
196990
204038
194784
189162
207304
194331
192471
250006
225466
235117
219687
190720
170998
174003
145450
141392
151691
159499
134724
174551
223786
198463
198530
207557
194205
181635
180116
192630
224496
212168
219627
212232
185349
181646
179496
200224
222725
194747
230325
210799
193931
196419
226613
223602
204437
204131
218742
189714
188268
188104
187755
200641
215101
206742
199509
194405
190023
199467
196830
189171
212447
209629
199077
194626
191438
192369
187307
167025
146249
132456
182485
136754
173822
156794
231799
210943
190454
192049
188744
190518
232285
206785
240512
204836
191250
192508
207027
207255
221137
206449
203758
205028
227517
214102
204322
194042
200752
200646
229312
231040
234305
206501
227544
214708
234732
200671
197039
188277
205907
193871
190544
220276
201388
216124
194537
231329
230001
180949
180557
136648
156034
152744
133696
132392
131425
175818
193959
214704
205786
184766
197533
182416
189568
233534
187426
221137
207797
202912
204084
192014
180377
190529
182152
208215
213003
192847
182747
179866
204921
218098
190749
220319
190407
189332
196119
237868
215876
225595
223438
213216
216799
212411
196306
196516
186557
195338
220941
182317
212314
211641
243810
200971
138725
136041
163519
139393
131594
156976
153339
169334
187094
208989
187038
206412
193039
185950
194374
224614
199418
205651
206340
187209
212926
224332
205881
217787
205066
210985
211526
190804
188629
197907
241251
235549
252598
228125
224471
215793
208297
194052
184165
197843
191714
193107
216486
194978
208601
199255
185011
190976
199212
188613
216164
229578
213019
148172
142109
154202
129243
138407
158756
194752
205436
187021
183111
182685
184316
205406
208520
191387
179063
194652
196015
211105
193584
221258
206943
200566
241256
186595
179053
177037
201169
193907
176122
187184
178456
182795
234498
214335
186141
184666
180522
185021
232696
193128
217104
203483
196343
183909
194495
203911
197135
200775
204661
143041
138900
162729
142057
139890
143234
148757
139874
132513
131514
142849
194186
146069
147750
138899
133038
129613
140592
136520
159728
137404
181039
229835
192779
202741
174696
193414
184913
185024
180381
177989
258238
209266
200378
205375
189168
198450
190086
216913
205786
228448
192021
228682
210263
186679
184671
182947
205238
212768
200831
206663
199730
187732
186917
200649
223203
196665
183667
146146
138458
155560
143135
144816
166649
140265
148528
156412
137780
147052
163512
139788
142074
144088
127625
130684
141697
128638
137754
155345
145586
167682
172446
139832
179223
212594
233407
193462
215731
186813
200381
189170
185682
223901
187884
213577
211553
196898
186046
195601
185307
216531
202049
260126
214067
241383
212866
154517
154137
146607
140604
140543
142651
164675
177732
148715
148564
152437
139768
138471
139980
138606
146159
146656
139055
157964
144746
135872
147420
138917
139757
125788
123934
124063
171668
190362
248520
186053
175462
184007
192131
225089
208151
208167
248631
207709
203905
188309
184332
193936
185249
219040
200359
246895
208193
188821
184670
193608
188528
218530
206873
236598
218635
193404
190788
187738
190362
233104
207255
223455
210318
227304
182334
147685
161614
172914
134370
131124
153519
142978
186351
206847
209095
219571
206673
212983
207856
196617
195221
204519
202876
199681
221588
236071
212822
214078
213579
215161
232412
224748
200408
203623
196226
190856
209942
227832
243501
243471
202470
224843
207081
205087
202275
200211
195505
200726
194830
190950
204748
223854
220611
225900
220872
256368
224421
228277
138439
133972
135088
132944
131457
167862
149892
201677
199210
201231
233041
213749
231694
209200
194912
203589
210385
223763
205107
182322
179752
192771
197951
194139
200023
208152
208740
189203
197239
207742
190829
196327
225263
224058
202802
218158
201966
197996
199693
219446
208868
200200
203039
211897
220584
210498
224763
222380
210111
216258
225499
238813
210809
151105
153630
155727
134980
130707
148448
154681
265055
223596
212027
196628
211610
205175
272612
195322
199250
187751
181942
235984
194760
178963
182214
198512
190404
200688
186356
183780
200833
196376
188848
197251
188498
200277
191091
192132
212491
221762
200119
201737
210952
210803
201937
238117
198728
197580
211211
209118
216556
209057
200750
196949
207423
195454
148595
151698
137538
143684
142129
140819
145085
223236
196232
221395
212748
216866
205945
197631
214478
218253
218007
211209
205035
213189
208167
202532
222150
212077
194745
198501
202270
213664
221291
216124
203414
200554
209047
211603
203532
197734
206736
208900
196396
218456
220885
215155
203895
208546
203841
196964
202490
211468
198070
193858
222551
228597
179029
170733
133462
144387
160235
136654
200866
203903
239804
201817
205312
202653
215063
210855
198563
197416
225906
221773
217557
209209
199586
212212
192350
207449
206790
192736
200781
252409
272341
254845
329026
402546
360782
497197
375742
312327
251855
219519
228615
226551
193887
211510
188052
224221
179441
147518
155408
190152
155786
199629
158333
178700
160843
148877
201460
236527
270768
310425
321730
260541
252105
259517
239212
239906
247872
255586
309472
229893
254467
214951
220486
213689
197531
188993
239357
211114
205044
219446
202422
232792
206083
192098
195596
201336
200613
195062
190168
237196
199682
224726
237727
197094
200895
198557
198245
202288
221132
193910
230285
193518
197985
189853
180886
174892
172164
152830
167454
175138
164226
185361
202958
201862
164942
149532
141507
148346
146581
143586
144212
141172
152047
168229
138758
144590
168783
146214
161775
170448
158632
173517
158328
273076
172846
148312
144854
144312
142734
140126
166372
249479
186005
166513
160915
178336
172982
153326
140807
160216
203098
179353
162706
146963
169141
155162
145262
180770
185300
169316
178208
158320
172751
166792
151288
149930
187250
212944
184810
273925
182994
182956
182156
176601
158536
158126
169091
168642
206205
158888
160325
160892
149680
145018
161894
154296
144079
160425
173662
154625
149022
160401
138774
136282
169057
138209
141486
135896
181603
170859
152952
138739
137336
156233
137557
138172
147572
138557
163740
153008
136392
162770
170916
166932
182192
193285
196133
262088
189947
190037
167874
179498
187456
194978
209430
155542
259800
165370
180373
158498
157225
156230
154337
149321
166496
182687
168829
159517
174581
177517
159323
151155
183627
175228
184088
222699
145354
158939
168136
172841
154254
156500
176478
160562
146187
176769
174771
164702
147411
177196
187938
155073
159162
197280
226027
169559
160278
152944
172379
156838
150664
220192
168611
164827
184565
179264
170568
149949
138785
146245
134772
144262
148893
144595
140494
161943
141379
142761
166740
147495
171796
148295
141658
149854
129605
144409
147988
144571
149521
286581
170621
157907
177464
159362
153903
148369
266125
252038
167153
153272
147241
158001
158979
146676
143866
145082
152776
140499
138108
147907
144471
248465
185215
251427
206850
244981
301445
329525
389171
513674
329932
449919
424238
415828
410154
632825
411474
301249
393043
246649
218947
196800
291608
181680
186426
199183
185147
163482
154996
165215
177483
214847
155387
143338
184217
153488
149676
151452
187741
152214
153136
196314
155197
154734
149927
173279
171643
149470
144075
168348
153854
169430
154836
163533
229624
171539
161602
161342
162466
221832
183639
180815
162905
162743
169316
303757
172481
175120
136901
161272
150368
168883
147407
158985
158340
137254
150467
146091
141565
168784
143127
147594
153805
138712
134028
154608
136590
140330
157335
160007
149317
137514
134936
138354
163429
141158
139414
162788
139625
182174
147019
135418
140852
163432
154761
141719
142502
149552
153660
154620
138642
141430
156473
155924
198003
148397
165102
149779
170595
189834
194287
200184
185279
224815
215604
228596
232809
262847
258934
271150
312347
488789
257803
207973
219782
201113
165576
164718
169117
181352
171849
170339
170170
182087
161269
151736
157918
157592
151810
166841
153023
148230
147477
162253
142620
148612
165319
148421
142331
156940
150132
146416
242131
147342
137181
137082
156758
147238
144382
166122
152475
147469
261109
162341
174994
233343
202054
228077
254144
249115
308537
360109
355529
405831
459451
368673
309816
314434
381776
391735
309464
311433
252832
248060
257293
278891
241487
235660
249372
232312
228956
239078
231935
236873
237730
241889
282059
284055
242480
217638
254034
232725
213763
208501
225979
213647
266305
309397
374069
235056
173889
157814
147051
175560
161981
161039
140832
212798
156526
153882
177359
170101
163471
160474
183400
163985
159412
155954
186505
194888
151640
150064
171223
186700
157384
145863
183445
189344
147225
140677
165089
184985
140432
142177
166160
156254
140453
183336
190928
145858
141645
188409
180471
145578
144336
177939
183573
167787
147624
257203
201191
151414
181919
184149
181038
162008
262146
262271
252788
247701
250277
252030
268794
276621
276062
289182
218139
243864
264814
187359
150293
159591
179916
178902
162143
172090
141226
152986
178280
201259
157079
160195
170020
187701
136954
149061
181478
153718
135841
166454
160989
141896
164002
158343
136693
140197
173010
172370
138279
166821
167726
150923
132589
165360
175656
143934
164501
168006
134320
173966
186410
205799
177633
154290
172703
180718
147344
143082
167461
211120
200762
153314
185478
159869
173345
154097
147533
170993
182013
149444
147022
150427
148691
142138
177239
169167
153975
141092
193435
154245
155000
170827
172460
151729
146993
172207
167962
251117
146916
167106
161084
164919
154906
193269
185636
167562
155268
173062
163859
161101
160830
153273
191072
169060
151911
158706
362989
194251
246063
156749
160414
168874
178482
151633
146734
162286
180077
157609
151655
171650
142946
144140
170977
156141
145635
262613
170447
166964
166173
158033
157105
174279
151392
164793
196041
170620
160745
175773
171102
254104
147174
148055
146234
143828
158869
159178
145353
142971
173116
158546
149749
141103
181693
149743
178762
176906
207046
157234
141466
167236
168819
152978
152421
206249
197273
158321
202921
146683
173430
167039
150275
142316
173717
269489
164807
157734
153166
172677
173581
185483
145435
146676
176684
157132
148468
147718
191079
170963
181363
147573
173576
181211
183254
141236
172831
161949
167890
152436
181027
185632
177786
186003
156500
157869
173019
174707
150851
167244
166101
176600
240529
259944
161409
148640
139618
147088
147273
164228
159448
141477
155488
154903
161811
139361
169961
144743
165044
171472
166205
190153
208751
196082
279966
228292
190018
188747
190945
182696
344113
175334
204713
219342
223469
209303
217185
211066
212168
229137
215343
209335
216271
215195
211707
227505
226878
256071
187640
195012
184149
184100
184957
230984
221926
222219
241198
217308
214402
210066
200942
197179
198278
190046
199933
205865
194552
241109
226567
221587
253642
222774
222429
259607
203040
182780
196777
184870
179060
189781
200836
225348
222970
220663
210182
327258
186952
209806
227006
216212
228257
201139
198856
188400
201219
191441
188899
205417
240325
249178
210991
208957
204829
197388
239583
212428
252970
266493
410337
416857
416298
491164
506511
489461
493185
391221
348220
380670
328405
340029
273629
249084
264597
313603
288537
156530
151985
146664
222503
170663
154560
146489
145158
183881
152675
147126
217490
179368
148596
153365
166245
153228
146658
163810
167744
146258
143417
160674
148522
146618
170350
155656
142543
136908
182771
142566
170053
172156
160822
129537
340315
437906
460037
454691
461358
381625
384260
340329
285413
266786
256409
292021
316645
159597
158363
166033
148258
163525
256990
238071
244169
230847
242340
235849
252355
237710
234753
267567
241450
214719
220946
226979
245043
246375
243900
220267
226682
234119
219170
221508
250582
224961
221531
235286
233771
245759
254203
271763
341492
189921
136786
167243
162149
144953
142809
162610
234465
223589
233456
221798
224192
233448
218060
227089
226212
219158
218448
234466
227524
253576
284318
232061
233411
244722
263406
223765
233809
231012
218454
233829
214930
222798
227526
219706
213918
255941
229201
217864
224476
213335
219067
227107
235955
247500
219350
221638
224983
224058
221658
250757
198101
221944
236097
219611
218995
237139
225947
227302
241369
282218
242996
220318
220373
222772
229734
215959
215779
241143
234135
220901
240210
220016
221628
234134
255515
220731
228229
196207
199656
210952
190420
185112
203577
229121
228731
235395
225491
225492
212321
205022
225493
212496
213073
242194
250318
249629
240450
267139
227670
229817
233112
218565
220937
245823
227204
225433
229717
220901
224753
229558
235019
220749
237175
218516
213807
227568
219785
218939
265675
214170
220725
241622
219859
221021
229895
212320
211318
225825
225565
223612
217778
218537
219900
225551
226738
238147
239362
212167
211568
237858
220288
221716
234759
241224
189312
222933
232909
220441
246333
215691
212896
226319
213701
218971
274697
180415
183927
189328
190548
189417
223300
211362
229478
206324
210022
225361
226777
221888
226157
243038
246761
236946
291252
195352
220583
252443
226649
233243
242518
202788
184188
188405
178292
183840
191737
244993
175226
160079
160305
188527
204782
207361
190993
181411
175580
183899
198959
197870
213830
205513
222886
212490
218713
236789
201027
198841
196656
192884
202393
191398
223642
242049
298233
225235
245466
217522
216006
230491
227421
227401
252537
230347
208746
209576
221646
214473
215957
229685
208292
204461
194871
199844
196255
198886
193918
198308
224820
242658
229483
219051
228070
244109
219281
226486
227656
310523
236392
180383
186447
142123
144697
166083
147480
130869
163839
135270
167365
155613
137384
143808
202144
242254
161942
138814
127218
180715
193713
207963
197401
221506
202775
200174
241601
231542
257889
210231
238149
241345
215573
218758
216568
240217
214999
229091
231126
222249
235608
224973
227499
230112
211601
236734
223185
213713
271525
214024
187641
153037
143427
170775
222720
227040
202582
230504
143221
130568
173123
174267
144888
139929
163371
171568
142711
151300
207265
203604
221732
223256
228235
242494
228763
240181
219870
234121
239994
235755
214196
214375
227941
213102
218501
214444
223197
226965
220669
222552
236116
226901
233976
272399
202086
226892
215547
214359
227303
220849
255183
220360
221490
230468
222299
222111
234849
237519
232940
195421
242999
155331
145192
162211
134191
139386
219546
193463
198683
227721
228944
237416
235044
233958
234989
276062
194648
220334
238309
239442
229685
213866
217650
229345
266647
222669
228240
222336
222421
220146
212860
212972
227956
228814
227243
234282
230327
216391
218970
230037
218926
231336
238044
307313
235655
237750
207718
235006
214442
240665
200871
171097
154061
167986
149619
138855
151847
152578
199567
217701
238017
202101
223491
214354
192251
198574
175305
188475
160459
188209
168362
156284
148284
169674
151884
153310
151710
169715
147331
149744
202011
154421
146864
164595
151494
144130
143398
169329
161107
160274
182982
202843
185639
177286
171742
204355
219186
215238
215744
195967
200554
202258
217074
194434
190310
169119
175988
180047
179260
149681
134312
159087
175618
153337
187289
237866
222898
204116
198060
203487
232104
227696
232412
218253
192459
251478
237011
236044
242296
236100
226037
232886
232807
219115
247157
222139
223312
227858
235634
235906
215890
212215
229929
228987
221529
237754
271521
218756
236009
294142
213779
208651
193532
219522
238622
200838
225918
154403
149593
170519
179830
149488
141886
202834
232045
222870
312227
276293
348543
466018
471898
453066
402415
386556
367585
426190
371908
309193
328027
299777
295731
312505
289085
255403
256450
266907
234611
226394
234486
240129
225673
218162
232089
232437
224335
233336
219021
298374
233583
219702
226163
209871
154272
159923
194593
169595
139058
162842
160862
194829
192626
216402
205565
190780
187202
190221
217295
237410
214293
214161
226771
229343
226969
219148
228259
231173
232808
215882
226474
215103
214048
239990
224090
228606
233004
223172
224849
240438
208346
207303
217171
223063
225041
227749
209590
241003
239590
245037
223377
224496
237747
229955
222600
166978
160034
141843
157124
241675
172331
212346
224436
222863
197056
183327
190835
187855
191378
224930
258527
237213
229705
229718
186752
210081
204307
220883
194511
202208
197837
205163
201814
232811
246561
224661
220517
236714
227850
225063
238201
215878
214187
232245
222312
220337
229804
204502
198353
206769
202572
203536
222227
202960
249628
234485
172045
191846
185899
136111
138657
168006
156345
235853
196259
195303
238877
229433
233817
240739
242792
367012
270763
200501
203017
220084
207612
197469
179696
176655
186378
226358
232432
216971
223272
226516
219492
215682
229477
238863
232743
214897
197224
216939
210919
194186
200172
206054
203306
209461
191543
228062
240045
191370
202024
242452
232294
226660
185425
183958
147433
151774
150861
132015
139610
216941
214373
221771
203855
196627
199416
226540
219235
234993
237066
240121
244670
222288
214720
222486
226941
290548
223122
205477
212334
221375
236361
226363
210815
201989
206113
214936
329200
286335
301138
278852
151471
158843
143606
147420
151102
148868
141361
148396
169147
144368
145398
170355
182252
179837
190164
148319
144335
151030
138674
141928
135937
144569
156809
143935
185001
217634
182148
177011
229151
222775
219880
219748
214013
214289
346725
178656
171819
225804
218688
214226
228802
211982
216946
227588
221564
219640
241309
216436
245955
242045
244576
228294
232204
238253
221492
235158
207675
316940
314079
353586
460113
366180
373197
278251
222614
208910
157257
131018
128452
159664
164647
130593
149453
138249
130686
153159
144768
141556
170695
181438
167302
145341
173939
197462
170298
165014
193024
192436
202961
198120
204157
192130
197258
192342
188381
172728
179814
186022
274492
210994
213183
210174
222428
214632
214975
226635
230824
221879
220839
303135
308135
241375
214020
228525
217563
220590
211031
216511
213260
171232
131013
149927
157541
131536
210664
199455
158260
135303
128477
150985
135231
132771
150684
131458
138570
267486
148020
147954
129103
159403
173283
148522
148404
193637
177342
185128
187646
174449
155553
163581
164651
194017
249950
212003
189321
175330
172093
204050
227666
211257
208986
229385
205477
221537
315188
234421
224187
210092
218647
219047
247084
201955
213338
220572
215276
149811
147713
131258
131400
160168
134697
142476
160392
133499
148360
137115
134216
142603
172969
186679
136373
150568
161647
132875
131777
169021
213221
158754
166143
175826
171179
178747
154584
166692
193728
186143
179954
199274
185155
167720
172712
198647
213887
211292
209674
215438
230955
200449
181334
294161
282579
224961
205743
200426
219001
218846
232674
230336
216622
150392
156665
133210
145355
154348
140236
195615
150980
135704
130483
167399
136435
132029
156768
133863
142053
150805
131673
140112
165302
298391
177372
168704
144393
173274
174221
169099
161738
158632
191115
192373
199755
205820
258145
189361
172435
180571
216521
202573
202919
214110
208229
225977
213246
208882
286216
247389
224279
212419
205194
209174
215733
205982
213628
295320
176475
141312
174596
161362
151769
161324
166204
144703
131539
149140
157982
133980
164130
165474
169098
163394
164110
149218
142259
166776
148598
141908
167443
193890
171200
155256
186862
186889
186563
172719
170634
172635
203256
220659
210127
202836
207339
218150
190744
186726
184949
183329
228436
220436
207839
380773
268657
219048
213190
233633
278877
234027
223708
223349
235497
139917
157695
132473
129638
170835
135014
128117
181982
132472
150125
148441
131327
151780
154698
149424
131644
150549
134195
134367
162782
171283
151644
176549
179272
187255
162462
158130
160735
196590
198077
203656
211664
182422
205362
191292
191859
188757
176210
178754
201363
208317
230695
218586
207937
293601
267156
269974
215031
232049
228929
238954
242223
235368
223620
145461
170366
136768
149948
173302
151345
132020
151657
138059
131879
150334
315564
163667
156283
148291
129385
237041
180505
131905
127132
156921
147665
146581
195960
181779
175431
167991
153364
182151
182373
179377
170828
180561
258661
283466
211509
165756
199187
185358
173731
195770
214204
226757
209010
209597
283917
240020
207741
221279
213686
234394
218710
223492
219412
203931
217333
138659
164356
140569
135457
159824
155780
132097
150570
138028
133059
153247
136402
133280
164891
188915
146346
141749
162552
133390
139950
163302
187764
153786
181454
172757
191037
161250
161571
199077
201748
196117
186217
174654
173864
207470
215470
204576
201761
228889
215922
191976
192009
172984
217649
264582
264178
221236
232908
232322
222285
225987
209519
226274
217479
136396
134540
155924
136598
134835
169951
190457
150946
143994
153839
141105
136541
151004
144577
135104
157172
136415
130987
156683
142654
152336
170660
171330
159410
190462
187468
186781
187260
197281
190075
199574
197223
194451
185881
174485
176082
221111
201256
204184
215226
207634
214967
223098
213736
283149
299986
223432
228200
223515
226027
233657
225932
228482
213920
139173
131937
156551
148036
132893
175205
164801
178314
141275
138466
163700
151975
140077
154913
132143
145406
155572
131341
135666
160207
328992
179797
159457
161518
168710
149380
175589
181161
319854
202592
177668
175423
169429
173541
193723
186248
317963
184744
207168
182940
201386
178119
171906
217898
306627
284552
231678
212466
229225
220273
246193
207045
219887
211478
147765
131838
140514
155389
133506
137941
151820
131359
135273
158497
159185
134962
151707
154108
132821
152458
172079
183065
131944
139896
168094
150893
149934
168964
188783
188635
160691
162521
186999
208114
193958
184048
199897
224633
201862
173550
176250
177847
209799
204791
215789
219092
214139
213962
227082
293142
222823
230093
219818
212483
217687
216885
211118
200279
204683
142636
156672
131904
128960
160217
185093
145074
140297
161381
131041
135098
149445
146741
167065
154387
