345980
230234
209220
181116
210959
305844
154554
174059
153567
147864
128474
151154
173589
202296
206729
181203
176819
189623
183540
143975
125876
129796
126249
123488
218551
135170
192479
177687
136844
127661
168268
124909
132933
158114
270683
174490
138257
152486
299676
228262
149669
205050
174569
193655
256014
145221
126517
130439
127103
124754
184929
152343
192837
310763
158308
127512
123294
125544
125001
143351
225904
141426
183416
185952
138842
139255
144919
126088
116221
136758
212713
148469
172512
193816
140713
121701
132646
118910
114477
192499
187855
279888
167800
128382
115348
125919
117235
147580
193690
236378
156297
231220
154439
173436
207604
209784
346685
304928
202483
207288
112350
131901
114220
112489
294144
275053
170467
138472
117912
112426
136398
114961
127793
115321
272123
178102
129119
132687
137782
113739
127785
123269
132500
306881
148793
126760
114685
139582
120773
136341
151406
134542
133806
267445
147864
130563
132283
155055
140119
136428
170518
176476
195995
182880
152319
145118
163600
158116
145661
169874
183987
189615
209697
146917
142698
165317
172992
154222
148756
173852
183864
289892
169277
151099
152789
178309
177667
183550
164967
187761
180845
150490
138193
156076
166625
155068
146423
177530
175451
287818
168691
166591
168372
153704
161434
188462
194031
270961
197977
163183
184697
184543
189428
175459
174325
174485
313174
173638
158434
191193
184383
189636
183393
197113
195880
183222
179910
144527
141035
183564
184451
169861
176421
156406
307200
179622
168683
178505
155219
164749
161108
192489
195491
210098
183277
183085
274342
185517
191237
189465
185270
287538
283303
248311
236759
196928
186216
141774
116725
111934
180708
124739
127529
112974
110116
107224
108415
147787
112477
139854
190343
129587
126095
143160
138959
162956
141396
162794
167468
158024
160549
144104
168177
179910
165808
158414
153061
197380
193720
225879
163961
152096
190790
189336
194887
187784
171346
173634
186382
175889
167465
205479
201221
203436
202180
202290
209234
199196
199889
284998
180753
202204
209297
209436
209899
211626
218057
235178
225844
225165
224522
216746
201963
227234
200822
227544
228458
216499
192376
216414
224354
203606
288506
248863
338071
336233
344321
370397
352956
373538
366581
395825
368514
288720
364716
303836
337827
277996
234949
229822
235614
217018
229255
239812
218616
285844
237891
210016
218566
229788
215431
224941
242202
267413
236975
205659
190202
207498
185677
203055
198597
197933
195715
237976
207953
234094
184815
193527
185066
199461
194887
187473
181384
227785
223382
199244
200114
199568
225800
223640
239754
225597
216506
217009
220825
209049
211937
213629
210582
209973
224989
217009
209418
213808
209315
235281
235901
224230
225222
225954
258263
193158
216730
226254
216206
217640
225252
209386
214659
196475
231275
210912
216186
219143
210383
185584
219661
216298
230795
219428
218307
220789
215881
228847
215414
219299
207911
199563
223918
235516
236013
208366
216950
208421
216970
201107
139911
142479
112252
236660
223613
248844
191384
231379
208866
218660
215280
215691
217342
219773
189225
179765
201582
188000
183152
191822
195168
225355
229144
229804
218039
293226
314638
326175
347077
388829
335639
321775
327400
388805
341888
363100
321678
307317
275167
264277
253344
264645
243996
216646
219881
226766
206146
219870
237337
213217
206682
223561
211799
197773
212536
195968
199495
206106
201818
195003
202184
205226
234256
233874
231547
233702
203114
224123
225018
215583
214318
235868
191009
184521
197972
185254
191884
188247
190031
199722
229791
208219
120499
120723
137478
123575
121954
140340
113311
140365
152627
115909
145643
154902
121834
127507
231758
121674
136602
144344
117794
168823
122076
110535
136692
115797
130716
122704
109643
131624
126663
142874
186381
159722
199570
191430
190885
186526
218869
231291
234559
216702
215346
208280
214643
208655
217312
191531
180088
176285
208682
209955
209602
208942
208181
205918
223658
216339
215797
214783
215045
221139
215800
222163
225954
224781
238320
216943
226007
216316
216280
214793
160467
148382
122908
139265
113097
135509
181729
187070
172557
184370
193918
217147
217912
214875
217241
214854
196270
225077
215987
220132
224429
222382
245686
226921
244373
216227
284669
338785
409453
600142
355730
349363
408949
343955
391095
342542
296905
329103
372026
303952
279703
349800
275553
292309
242742
244956
206081
178670
136393
169325
179165
338891
199302
211832
211171
191287
196084
205378
207271
219162
202720
188030
192391
197657
225787
225183
233338
198195
198883
207300
210734
211250
210563
204303
188839
194937
221372
204806
196229
212957
207157
202341
208061
239434
235243
208536
218957
227579
243946
256442
206805
195393
250936
193668
191564
186547
178129
122102
111560
138595
114077
127432
150354
145419
177464
185831
189508
177657
196728
203147
198173
201957
226073
223429
205749
216437
224940
191541
224502
232990
194979
184744
199528
192806
189589
195364
229243
225615
227210
225582
238472
225631
208617
208457
217516
209137
230050
193952
216908
215570
208287
208716
218163
218398
229965
214133
200253
203646
137001
110662
130487
113515
126489
145924
164748
217824
218128
219154
217915
216719
209520
214102
216567
214648
209699
214581
231563
224279
223871
198451
238358
200199
226104
226118
225154
217226
199202
215261
193337
207030
184325
186749
204849
191561
226032
224722
223120
255439
224407
223538
225649
212412
190882
309915
190657
187937
176575
180959
180090
149837
148566
140133
113109
127256
150850
170954
185132
175111
188610
171638
201199
210517
212482
218113
211064
211929
212847
228558
218038
217490
208965
214655
192683
193083
225992
217457
217026
225572
217250
216634
222382
208746
220817
207605
212208
211516
209785
207798
231683
184242
209181
207839
217806
219297
220891
218963
216586
260024
141836
122912
121890
142559
123489
110537
137254
113857
142930
241613
165704
200234
206953
201421
202284
201424
215198
215645
209853
185372
181901
188934
223191
215271
217246
229957
214904
208489
208568
207258
209583
208673
214426
228599
210118
209663
207158
209518
207841
215484
215886
208620
193127
185815
224449
231022
219625
221931
210178
215696
215138
211795
211029
159913
144453
143264
127196
112716
141521
158648
228056
236384
200969
227621
216540
218247
216826
262920
215099
212566
222575
208824
208324
217906
217996
216046
208819
225693
203276
194548
195453
206286
185970
218949
225263
218999
217459
215377
215783
216148
217081
217198
216405
217650
218724
243202
233571
224289
216502
211890
226616
196116
196604
164183
155377
136253
147748
112573
136831
170291
181633
184692
183428
188005
187112
215749
217969
216362
237747
213477
208398
209829
217033
216962
217996
216373
216331
214853
226870
216302
208577
208621
208751
208424
224521
214907
217300
249465
216660
215838
216791
217010
217617
222541
211112
208227
208190
210258
208695
216815
209803
215431
188804
216987
141186
136416
134555
119949
117892
136598
178900
202085
194052
200424
197754
189011
195085
233161
233822
240131
191233
215132
223780
224902
223985
225010
218313
213514
184015
194521
229143
223546
234667
232921
313957
358411
408014
328986
335212
323232
361613
361639
559653
508994
369044
270743
228179
189116
166849
155973
113143
137008
111402
121968
146865
112311
150325
150711
118106
146124
130729
135822
157532
157502
145711
150648
176215
181371
161075
157658
165641
194555
195411
202460
173400
193908
177603
201905
201568
199935
202846
210292
207411
218362
209612
208259
220051
208089
217570
217724
208478
212154
308819
286187
210071
211920
164711
171314
183146
185471
188856
188711
184922
129046
124156
127231
126003
126780
127060
136988
113050
126211
111981
126566
135132
112299
127871
121445
118152
144207
129940
149412
154338
136235
132876
165201
147654
158453
182921
182614
178560
165506
168358
166041
202746
202874
202990
200325
199267
179189
201135
179141
173060
200610
211200
217938
208639
207146
304287
225543
216565
176862
182874
190204
195747
178110
186989
182322
124179
128440
122986
109718
136548
111302
127185
130034
114841
109248
138959
129977
130713
112431
122296
127960
153632
137978
137877
168393
166861
157797
154091
200150
180867
170169
163281
203893
202714
201408
201975
199835
226149
204090
201432
203143
202053
208533
208509
216584
216976
206913
209297
312311
280739
233096
197696
188435
175206
187658
195838
184185
177234
170724
122543
119275
127785
122256
120510
132003
113402
141303
113071
110808
161485
114982
129272
121180
109919
138316
120087
122608
144275
132866
127383
158819
141161
148485
179268
153407
182067
184809
208134
178863
174961
171746
176870
211353
209206
200817
181490
189037
171607
178361
183768
217670
221165
209590
210951
224418
188691
210430
159034
123643
139162
217512
185706
172856
191259
173245
141607
113697
133881
114437
111178
160940
116758
126828
114077
109989
152250
113422
138009
111434
110858
164946
124845
118055
150411
131068
148778
155136
137920
148631
172181
179716
183393
170333
189807
175817
178463
179810
164004
160873
177812
213638
213006
210593
209096
209214
210392
207667
228312
217778
214098
319132
291358
237695
183581
182176
183300
189114
189296
193938
186057
186067
139989
132903
123195
139074
122794
121953
129441
121734
120778
164408
122806
126376
121784
119408
144731
123172
127027
151177
132461
145797
154514
135152
150409
170855
191067
155892
163390
162238
160818
155651
188401
186785
210354
194172
202346
180185
243738
187903
175680
183110
185644
176274
219792
216665
218709
293009
292342
194734
168235
169104
168314
201571
184058
151345
219596
146831
133923
114666
111585
140626
121784
134736
122211
112023
140863
112490
127163
111940
110639
152827
123207
126542
121882
118761
152481
132416
139833
164394
168746
148118
144664
179586
176654
173784
168617
164871
196350
194770
173125
167193
200158
184314
179502
165701
185442
179483
215602
209418
212837
208320
212368
284528
226181
209883
177709
185286
217445
180043
171370
193594
188782
125678
117422
112084
139342
113094
134973
148508
113076
128004
114846
110273
118382
109256
134937
112811
145295
139862
123502
137108
135290
131415
158734
165586
145518
140471
174839
181744
170715
154933
155972
196040
195429
201889
181044
190965
167408
176253
201619
204668
207547
206200
218008
214355
216434
214847
290357
270265
254732
188275
163592
205597
217025
246196
200245
187912
195640
120293
138665
130507
117999
137877
121431
109134
157841
113064
128662
113634
126754
136392
114124
136153
122661
120182
141384
133415
134333
154899
147546
162795
167343
166550
148616
158039
181967
185202
188655
175311
172584
171285
180371
209706
202581
199623
209962
224684
210935
211242
209307
218210
223486
303627
278708
220211
196972
189834
180190
200173
182330
196526
163786
181985
116059
133715
121679
126938
122994
109571
137132
121523
129240
114572
126120
120810
109862
129693
123976
118049
147857
131430
150768
159000
141712
151376
172670
183021
160702
153436
196822
195009
188941
195485
170852
172233
165227
196876
199458
199899
208484
207927
215535
217811
231057
208570
211068
195482
299629
282533
227866
182157
165995
183083
191828
206858
200946
184570
175239
127316
121858
109258
149015
147616
114889
110181
128469
113106
128415
138789
113779
127031
113500
118264
114498
116965
152293
154951
137348
153341
150978
176746
169983
188591
194783
195554
199226
184374
180929
172397
173264
206615
201485
184308
199511
201907
193922
196918
227058
223736
244188
208752
234783
267562
265200
202239
188039
174325
190348
177496
191784
181281
169653
113845
119438
111629
127959
112861
152362
138124
112983
125984
112487
108892
108710
113376
122211
106992
132886
121980
124585
144318
136258
142292
159942
169930
147361
148375
175914
175708
195637
195135
193807
219942
230999
164871
147885
144424
212489
225810
257688
267097
227965
219974
324261
343661
255169
196546
191990
188517
188908
195072
190701
170861
116147
119352
122192
135709
112024
138472
140058
115565
127828
129394
141487
129385
113963
113143
138639
128709
127915
212575
156205
136168
143930
168633
167528
154464
151068
181371
182180
193897
174010
162555
159865
202338
202575
202962
203367
202147
217786
209624
209870
217958
211822
218095
217956
227195
308339
237802
231740
172710
182729
193766
200456
205311
184903
191179
127596
138420
122627
149066
147914
149671
111668
131731
112069
110401
138627
113302
126043
121026
108694
131562
117126
143808
152348
150920
166578
150215
144579
161630
181188
184273
188531
190654
188638
174449
173129
169756
202666
212985
214937
216936
219156
218071
227756
219526
218977
210281
209448
216857
306942
291080
225973
180141
167990
167712
208826
218536
198334
205389
130778
128260
119781
133659
123003
147892
162238
115693
127921
124611
111529
155760
114852
129933
122896
116923
158169
122783
121512
170582
131679
142906
165316
148536
146433
176424
179001
187939
159413
152967
195514
197098
196692
200364
196997
206781
202148
200822
213808
202415
203973
219513
208961
211927
216568
312907
296275
251939
194309
190025
195048
212090
193087
186552
195234
188555
130984
126017
145966
124571
155778
144429
121677
127644
116077
109788
128208
129528
129672
122999
118810
140464
125243
128266
153618
136860
133631
172732
173158
158472
152933
186309
183566
189193
255401
190395
200699
180314
166847
178465
210283
202900
202558
202426
203741
211643
207848
230131
208053
209784
299890
229094
215764
169566
190222
195955
187774
176167
172188
181540
174153
115750
127439
123744
112556
140271
115313
121432
154743
123522
138784
122515
108812
143360
122039
109415
137089
117610
122332
169991
132992
129249
164895
139731
146804
170061
173150
157909
151626
197674
193018
190440
167574
165357
165970
214688
201742
203496
200773
209552
209536
209769
209132
209852
219257
310397
269266
200411
200634
169093
176980
195721
186769
189475
189321
179616
142586
156737
121370
128772
145359
115719
142521
114681
127094
113110
110015
147421
126659
127548
173511
121930
150646
136340
133727
168527
149415
148645
173041
183563
185532
192062
162241
158082
171088
201499
203264
203218
201707
294345
195282
175826
202194
209403
208948
209114
208118
212348
217359
319482
241551
248351
209931
203224
199348
189420
201869
198669
190162
138735
123327
133647
130101
146489
141627
111447
135948
113239
132355
137713
113281
127402
112796
119711
145296
131092
151451
150825
165499
168100
167126
148807
172049
183558
185188
194703
175916
163858
172538
204116
201850
201541
202700
211332
207824
196314
193197
202884
199958
191875
189372
236066
236938
240656
162199
166321
120197
119290
144522
135450
123833
139535
126273
151343
126560
139731
116324
109205
115971
145638
125975
112714
167517
168282
223676
279910
246503
239543
249370
266631
266955
249707
242407
217493
215295
232504
208629
207341
213897
205901
199335
223782
226127
209963
215755
196997
197484
210213
211527
204852
213438
244018
238117
302319
339221
347251
343243
344350
332433
382203
354713
249483
171827
175045
180832
255933
264988
229670
216989
217340
259255
246958
245001
226026
211783
243913
216776
211935
235400
210420
211405
209712
207032
191695
198960
212141
192267
227634
210715
243877
233746
225142
208639
220695
216486
217435
214549
209813
214894
218931
206991
216142
217524
218593
218066
228652
268433
282117
272475
269957
168386
167663
118467
151134
177371
193605
261239
325684
328475
394289
365555
345346
510867
335751
270065
266800
278938
241538
223545
220867
190611
189796
240698
243198
263531
306383
359761
426274
392207
335392
316172
308807
326856
277253
300069
309569
385001
348172
297852
229430
179736
195696
178739
176982
209981
177176
120588
128155
122690
117295
136997
113114
144836
141664
121700
125965
129508
123382
147558
123585
118851
141976
128161
127021
146776
137779
134037
171008
179942
157405
155256
176553
189594
187414
188557
184253
182638
180495
176399
212406
203460
212822
210650
209141
210620
216632
227961
216469
214492
211974
295859
296021
233624
186530
176513
187275
179267
202643
188167
182838
179412
128532
122139
110933
138954
119456
132255
148274
123148
136144
122037
114878
143062
111488
108981
164087
121402
145614
146956
136255
153228
153659
140977
137805
173456
172199
169786
111001
179212
182473
163088
163908
165868
194489
203427
202584
201127
202195
174888
194679
195988
199246
201423
202351
288531
215389
254089
243895
202402
210654
197507
236005
241103
217063
200538
200019
133432
138367
120606
111136
138453
124372
112515
117550
115193
132404
120847
111293
144758
123251
138259
132335
119575
149507
126490
123073
156631
136302
144891
170145
194254
150976
148923
183239
183115
189600
164585
187685
168259
174267
169495
190584
185049
218456
208458
215973
215695
216101
218163
218497
218184
297798
181619
184094
192976
191487
182237
185760
188942
185312
182344
180434
121624
138598
113831
110355
141094
117539
126589
142258
110747
126626
121045
110156
139701
114411
138261
115496
113894
141407
128287
137476
161783
134937
172247
172244
180902
154132
148502
187761
188632
188896
170144
157971
171357
199802
201519
207864
209632
208828
174643
168839
178377
210555
222450
217547
207816
290337
238129
168507
179243
182720
183388
184007
181989
177183
201696
184551
119520
126861
111519
128134
154387
109126
133103
113658
138884
113319
127468
115768
109428
135680
131156
131728
227959
167410
128818
130021
150867
153807
137559
171461
183864
157649
160351
163085
197228
196853
195205
194438
200631
206004
214118
208685
207976
212694
216729
212988
216290
216925
192012
188160
300808
238709
184105
187175
166151
202786
192034
169548
183927
178391
121079
120620
129197
122006
110234
140858
123761
111846
137888
112758
128555
123357
110987
132477
112524
134632
144878
119853
135693
128917
124354
155452
137490
144290
168667
177437
162168
179739
158040
186167
193441
195618
189643
189443
206845
205197
185231
181807
182889
216286
218084
225842
223867
222027
225058
318326
240852
176817
185470
180041
193999
201450
187368
189851
181029
114271
123252
110132
135929
112345
141693
156830
123286
137375
113774
110239
138949
112764
127198
139076
122889
139021
121289
125846
144406
133043
131166
162517
150809
145250
169077
185019
166907
158445
156777
196106
195061
203679
182301
204443
177797
173836
210740
210581
208736
201643
200428
209055
206823
219037
303327
284748
218473
208962
193361
176601
189955
171931
189594
185387
183941
112719
137621
119689
127824
112477
130338
148487
121998
114195
137208
120644
109633
142472
122008
131481
117485
122941
140549
130414
128211
166972
144157
149241
177376
177613
170781
163688
159091
196347
189699
193071
177915
166370
164397
211446
210112
208491
209434
211044
216490
214298
209485
195210
168574
197543
297731
232100
219102
174852
176969
175063
172094
152160
181383
181458
192959
115031
126159
112435
109483
136424
120075
126516
120741
119474
129716
122772
109279
134066
111819
138151
117289
121373
139591
134476
133456
156258
140503
138485
173249
146449
163081
186747
165829
158870
157642
191001
195770
201750
178594
171259
171844
200694
203704
201517
202464
208515
208830
220835
217472
209604
283786
257566
189040
187190
188299
195780
189851
177779
184692
173172
114375
115439
109451
138728
114761
150075
113202
189264
142955
113997
137574
112794
108953
131084
112206
140219
123890
128032
151139
132892
131832
154744
149664
144004
189413
161193
158181
198397
196409
197000
195956
197012
225514
201653
202220
209057
200524
200618
217659
215458
193853
215840
190752
208763
280663
296386
214080
209921
172451
172175
187947
187011
181139
183295
164219
127699
122913
110729
137475
147720
151407
169116
120056
134331
120129
155576
122665
147880
189923
232030
262634
252392
313382
319968
313511
318962
319770
305899
280313
258440
274014
264453
244610
255327
308462
261571
337139
365716
345559
337396
336133
389609
339761
337712
361921
349428
357863
252444
247301
183677
189915
120648
119609
109166
163828
118872
150945
185339
172729
208713
210272
215328
211508
221226
215910
211170
217120
214572
212465
211258
210663
212665
215763
214739
207075
207256
220910
207004
207352
203773
243835
225252
221076
201290
242116
212161
246642
246952
214941
216806
244616
225352
219201
220568
216967
215945
226582
225651
224918
208562
210972
137727
123469
121369
146195
120946
136719
150912
128783
137097
122083
117804
136573
121870
120104
142362
121307
118216
138120
136909
113494
120115
235119
231601
234841
226606
225100
236531
224215
227087
224314
225086
227368
213563
216365
216797
222117
215830
216133
216271
238590
225732
223130
216362
216479
228262
215111
200005
138807
139893
122690
120149
172445
188413
127903
139906
123849
120662
152002
122374
127088
129701
166559
112920
198238
127049
112903
111028
152236
112538
137215
122792
118829
138521
123095
136901
144075
113302
129291
123186
111946
140921
121640
119024
146562
122303
136484
153745
122575
217665
128090
142697
208473
209847
215300
217067
215427
208682
207651
231089
226252
209658
218994
210079
208441
220276
209320
216288
216570
194315
212499
124123
121734
107283
108063
129475
130066
128223
219799
219675
233269
241626
225070
217063
216158
216293
228842
218391
214183
207224
208884
192192
189553
179824
192407
188954
182514
227172
223634
226093
216119
216869
217687
215843
215867
216937
216861
217426
224238
215867
192288
202973
229602
216825
229684
217976
218682
224254
215048
193326
233822
190447
189873
142246
126514
127103
111197
116027
159857
148349
187392
192501
227445
226655
225634
224402
213943
217836
236662
199030
224374
214214
209936
215342
216628
215118
215798
216765
225782
235470
225100
224278
224218
226771
217685
219580
234222
233139
225304
217526
217182
224046
215941
216104
227009
235396
233340
237006
226684
218209
218163
229049
229587
169728
131740
124779
136706
116804
145717
194908
173565
194117
228710
234518
228211
216190
219024
218963
232125
206416
208615
218281
218248
215152
216118
217695
226427
210883
211187
218849
218432
215137
217978
208661
210460
228696
218262
217788
217217
217354
217879
217222
215202
219467
216006
217201
214759
217472
217370
219915
218035
211845
207334
176996
123979
110937
128561
115249
108975
141560
146963
143707
223145
227642
236382
231591
225592
223884
223615
225225
223275
217375
215598
215323
220344
225698
226559
222160
217956
217212
213106
208443
216076
216748
222917
214820
216511
225682
228938
217144
207694
209432
218026
208371
219366
217554
224787
222179
223934
219569
217702
216901
185660
207075
170717
124051
146070
112923
111400
141603
124288
188831
190264
222278
230094
194177
181679
179925
180546
184442
218346
230191
214811
217456
216009
215271
214940
217769
216526
230910
218689
216625
216154
216910
216194
216389
215137
217300
214886
217083
217273
215152
215657
215856
196414
224383
226347
229329
190034
225963
216966
229694
217743
216879
230187
194979
196147
130702
110890
129963
113414
126729
172597
133883
208279
211270
217816
216784
215832
217730
217985
215179
239556
220848
214635
216004
209254
208579
216794
216238
214655
215691
226595
216470
237106
237624
235282
227115
215829
215938
218463
218426
218813
217566
227442
216690
217606
222402
217744
217518
222750
209038
212691
218903
218878
225749
218028
163337
149444
112449
129957
114075
109555
178872
136855
175278
207738
214294
224471
224620
224269
217493
218492
256751
215713
194985
209765
211219
220234
210197
208844
217559
206758
360890
223036
224480
218366
227548
200527
231382
218026
229062
229253
228395
215327
216925
217167
217680
220511
212062
210127
204457
201723
174606
175501
200393
236243
229841
189634
182510
201256
177514
184091
184507
207293
224342
170110
126321
144590
113324
130343
129011
114687
137489
140300
122194
138471
144202
111940
126565
125224
113314
148497
113948
139326
126860
150178
136555
139001
129928
123787
120604
198942
209409
150027
141623
159051
153150
124184
121758
134624
122416
118566
119565
119652
163438
123744
121173
139708
152518
136502
145651
129581
121606
142883
124848
141359
140740
123498
135951
160959
136624
135202
165539
137053
134951
162605
129294
122226
141547
123600
121252
138372
122970
121386
145832
132379
121630
137119
122440
120317
137812
122828
138709
151284
122944
118168
156369
124364
137077
137807
224248
225412
218745
215463
223739
225852
215287
216035
206420
191003
193677
195904
206487
211490
204457
230964
127006
155387
128570
130036
161998
139302
132663
155531
166839
135869
160910
152934
136742
130436
145705
128280
129817
143294
127559
121237
142908
129249
120122
141003
128502
122386
144247
122667
143715
123800
117915
148221
115740
131701
174270
119838
143040
139383
125134
133683
146003
116847
141906
172205
126386
143008
164406
123553
140198
138359
114157
150510
126954
123749
142843
124766
122502
121579
115737
128922
122313
110743
143369
117014
142221
167628
138258
141737
159883
125889
139397
123144
111371
142357
135843
127692
138002
122259
141442
155176
123051
139102
123986
120305
138742
124989
123187
145381
156834
231820
136643
135589
136167
123735
120721
156258
156397
162622
131179
131966
126525
144063
123859
118588
140332
127356
133151
187198
123416
121976
139241
109989
126038
124024
279604
169256
133472
150235
144256
140129
172341
121564
142607
176667
192377
161962
165738
160284
196221
195220
202346
199515
182004
197856
174797
205533
195210
195384
202543
201504
201596
225716
214770
209642
216139
208448
209026
215294
209857
218975
217747
215874
215218
218574
216462
215822
215962
215333
208716
210056
208450
216922
216511
214557
217083
217594
219737
218031
195166
224650
224514
208274
208430
218506
233898
212100
209601
208680
216064
123732
121774
139051
136954
120554
117821
138005
121253
120405
138775
111535
200619
191052
189067
225835
225147
226661
228145
222232
216956
216092
215737
208452
208825
213935
214517
207755
224704
216631
215991
225240
216648
216343
219222
208506
208433
217487
216270
214538
241847
195478
214477
222828
218214
215605
301534
286039
188138
190303
174660
199029
205588
205390
213661
203674
204930
218560
212381
204652
159996
144858
140693
167827
195420
186443
144858
132627
140111
119618
112633
127782
117715
119561
114481
131373
222380
115339
120566
117529
154016
123416
152557
125880
139154
117472
199957
124672
128797
109529
132251
113335
111243
112419
113939
126853
109334
135620
110573
130493
122509
111561
120402
123019
171769
132790
145875
150598
138837
132402
138708
129698
137007
125813
121929
149188
124736
126595
120242
122176
125787
118740
151722
139533
112674
135312
122679
124007
151970
118360
134020
116720
114187
140186
114824
132249
123677
120214
161203
126570
117000
143816
125549
141612
118319
115176
154907
132213
122987
146756
123055
110801
147899
112142
122516
119746
139090
148877
126389
127522
118730
112875
110551
123463
125606
110132
131332
123297
131223
144102
146386
162499
122528
141027
121862
127396
137732
147266
132082
126752
124280
119877
131084
162292
122817
150386
119797
197882
133485
125122
122182
117473
129742
135941
126775
169561
151104
126267
115382
128874
134150
132402
173044
121487
147157
117146
123991
144980
125365
205997
145756
128480
127701
131548
130505
126705
131197
131591
129400
121757
176715
145717
121875
123343
147238
121285
136806
124607
146423
163336
123881
131838
160740
122961
151209
131361
123736
126013
126393
115785
145670
136056
151594
166437
163307
144900
145972
127613
124596
142193
122483
118888
121974
123920
159396
126175
143897
142867
124589
119974
123878
146449
171746
152903
126315
123833
122783
129392
123174
148940
126716
142009
124394
120980
130021
148154
130386
118420
153585
153986
132371
150407
126357
164166
144075
150980
116659
135341
124668
122918
137390
118597
125843
155723
125322
146291
124557
115972
153292
118481
145493
125131
124979
124354
138486
147154
164038
124018
141220
154237
127332
144330
126774
120452
176631
124890
135500
179692
133338
114135
143333
125562
144640
137540
122411
141930
126084
120247
141028
229719
143084
126754
155596
142172
245065
136177
127772
127545
118673
120174
119011
122841
118162
183162
178064
183312
135117
113331
152771
123816
113920
128008
119155
128595
123204
137426
110932
111079
141310
121721
140962
151386
127434
143107
150503
133606
145074
167425
170548
152342
152198
179304
180715
206121
183487
170183
161434
168378
194672
196622
192769
167092
172721
180118
207871
201042
208605
210578
214702
207011
279471
182126
179334
200044
208005
209307
209890
203070
199811
214177
185603
186507
185032
176882
171947
224589
220627
216229
193056
216529
232240
207840
224458
224592
224250
225029
227001
201908
217838
217213
215318
215533
217377
216423
221448
198338
202419
206703
182705
197721
187318
181707
196736
199521
191819
196198
222889
225557
222177
191436
215147
218022
194774
197895
207502
190851
197849
209138
189101
231149
197848
198182
225698
229147
215809
216847
223639
201128
223645
212484
220170
211545
194553
243787
242775
251738
207742
197979
217950
215903
225557
224348
229980
202051
202416
204169
203521
202395
209678
208957
208713
208615
211229
228165
225771
278334
344920
366399
329955
371112
334865
392570
373281
326410
363440
338626
332174
273387
273388
308756
258886
231014
227152
257961
300283
279129
225357
218378
222748
208757
198735
230021
199458
196341
212801
202357
197163
254838
224679
209753
206993
199349
198415
234420
208098
230329
224282
236225
230086
205280
229332
221727
227515
214736
194894
214676
218462
216093
216125
192999
187466
208796
194601
176665
176117
205809
233317
228056
222260
194896
196106
177555
180737
193898
229272
230875
210687
208202
209868
207505
214603
216073
215461
223811
215966
219416
224488
217365
216134
216900
234602
216373
216986
217422
225587
223500
224161
216451
217045
191412
216240
220079
211931
208024
218552
208455
206869
215066
207833
208706
209026
207223
219830
286667
190165
175243
181523
186088
216959
215647
215398
215305
214452
216136
219070
211179
206850
214971
207839
207887
229441
216679
230909
215588
189845
217520
223613
197629
193632
217958
220521
223738
221566
210312
183853
215052
223549
224800
226521
213607
215365
236691
217065
214962
190916
215728
214779
235202
222244
214325
186866
182411
213870
204754
199026
235445
217300
210635
194571
204521
198910
232023
233106
237487
212250
225685
227722
224917
222255
216963
215304
217447
210510
192828
216786
217574
213755
208185
216186
215301
218018
217067
216352
209063
208351
216727
216678
215342
216706
215709
207238
210052
235765
227710
216332
229904
215701
193634
215908
242766
243647
206429
232397
233685
224814
226131
226255
219301
217566
217220
214641
214651
216413
218289
231692
199322
217253
195194
218633
208715
189716
279240
193238
216372
220532
223242
219103
216024
215956
215163
208513
211091
221135
211305
208323
217236
208663
136146
147728
119408
138495
121929
110127
132053
115403
127105
212365
180223
177485
187830
227857
224406
227996
215684
207180
215558
216329
208313
237668
215845
233855
225324
223093
232530
201969
224325
224314
215463
216853
225547
213757
216372
217703
216838
215176
223651
223823
224419
233347
206721
201763
238373
206176
229871
226847
227083
222941
223997
224188
215725
211664
218265
207570
213882
214889
208048
207797
234711
213469
208862
217991
215141
231927
206336
207790
214804
208229
209538
226363
218170
215672
216789
208756
207744
218076
217529
213767
205762
195605
184014
166695
156927
159023
180741
173524
143711
140224
162245
147673
145778
162571
184690
168036
145782
128362
126000
131482
134936
131068
136568
152993
148784
199201
153867
131953
127336
150447
133808
133407
155652
138286
125827
141925
142894
160910
144040
142255
150056
161923
162357
151959
173833
148910
151535
155311
137764
143520
164802
172287
136233
170203
157976
162885
139301
133700
148447
138439
133746
144305
140805
163744
156632
219544
132250
148616
147794
145161
158694
167932
209876
139369
136599
155075
143119
139730
158589
165128
181078
185116
157682
156713
165378
135880
149843
156010
135309
139529
142718
199485
148941
137247
188000
190186
149145
155285
160419
140893
137839
169984
141851
135446
160345
156782
132604
146696
153686
134942
145142
164256
156390
174820
178444
152841
143174
159458
164438
149283
167528
161907
139105
132589
174246
158487
162208
153606
137844
191323
177513
175082
166828
149200
155435
161073
172397
175723
222136
191113
156000
147287
166754
168025
151368
148358
168990
158288
160452
144132
152309
143327
138399
150521
142326
132770
156281
150673
159855
113129
127101
133606
130037
153482
128662
125058
131925
130268
171598
132348
131111
146769
132379
134227
146678
152228
126601
187606
155573
137205
152472
138474
132264
150443
140077
136501
142474
196339
136846
141468
125093
135136
147638
129476
156011
151418
148422
182864
165466
120337
118766
124944
120446
145763
131247
131490
136623
160575
141994
137885
131705
130006
144718
130789
135847
155748
133715
184467
156197
140525
130678
134878
122902
119795
137488
128104
126930
131622
144967
131456
118353
119366
144275
121504
134783
123227
119328
144355
145947
122941
161704
121846
133359
125631
122247
135294
121659
121471
185817
131139
123822
137292
124195
148779
155130
135745
144805
193889
137313
157193
146626
131082
144740
133355
128650
153465
138064
148578
155130
130225
125997
139500
126965
125479
149338
129634
134253
159696
122012
129611
123539
125073
136235
119337
136524
129882
133513
184828
143410
123402
137659
131934
130583
157234
130052
130095
149977
149605
127569
139395
127699
126858
157298
133722
130033
145043
138487
159260
146008
147861
124125
144751
133008
133041
148762
138626
136768
154627
127108
138090
150579
130120
133739
155859
136833
149051
146638
135585
128539
126062
131379
158275
131435
126349
146261
140265
210271
144339
130459
161667
138481
146098
152094
138292
131438
139626
172099
132015
143373
164383
123338
152299
140443
157631
167288
183374
169080
140125
157700
162097
145815
147327
146068
153554
143022
170157
153084
193623
137190
150357
151910
167820
184937
149020
169048
141785
162097
135234
134002
150768
136166
131858
154534
143988
159095
158488
132614
127712
140483
172349
128060
147288
145293
200301
136641
127916
148182
129290
129812
123072
119050
119835
124586
168452
131511
119940
119137
146309
123033
117988
187369
123335
131148
119292
133950
123012
121857
150755
123003
111474
123058
123767
127820
124054
143538
126846
125439
126393
127199
135013
124627
137230
138600
123526
142660
137090
144583
125030
137587
126826
122138
146597
126507
127774
146254
123315
120251
126514
121681
126135
125054
120343
125420
177484
133908
122004
125295
121936
126624
121790
111369
125691
132610
130287
155822
156004
126393
137217
125480
125030
142368
128806
126464
152987
195657
132437
145538
146902
128832
128604
150161
133509
138520
159107
129468
148399
168440
141476
141423
157523
143222
139823
162068
160397
156602
142931
129903
131740
130794
168803
135313
134614
139742
135882
141617
145628
137276
146476
148292
159917
180380
146158
229224
144410
151263
161518
147297
132776
149590
155902
159997
142601
157249
144832
165712
138974
137027
153650
140421
136601
149070
169031
149821
138592
149739
131670
129591
156815
137918
139039
144235
215627
139259
126840
144051
135496
129644
147105
132974
143905
178321
143331
134678
138785
125427
130490
151400
132913
129856
149831
148716
153511
127000
140890
130032
127402
149620
136519
137343
135750
139272
147810
141901
175199
133445
149568
136921
131319
162664
133515
130800
158106
133614
