169588
273520
201003
155852
152409
149248
134766
117765
102245
104961
128023
107294
123744
163525
149263
128951
156319
129713
157418
163214
96512
98886
120763
129851
147699
121864
138053
114614
112816
98371
97003
104266
158185
156343
121822
96284
112479
182236
137194
104691
109897
108813
145085
116530
103188
118376
93779
96878
85838
102611
172337
104868
145295
121132
102514
114179
89756
103763
88293
118654
149274
151332
132221
125165
130323
102663
96286
119822
102754
122598
168875
125868
125648
130262
114553
101151
118327
152207
164270
203323
208697
208007
190726
127873
103160
103407
94843
116938
148652
197618
214770
150967
189801
114051
113284
101637
99546
154413
275563
122244
103479
104946
107525
141693
123998
167990
111876
105334
94158
100128
101159
93985
107321
161291
147043
161374
137164
139014
98126
106597
94849
112176
111630
175550
116669
115163
96072
92226
111488
96999
92663
109448
91283
138516
96487
86633
93320
119069
121596
95413
144720
213389
192251
191560
169979
172026
173642
161141
158962
187012
198977
197770
189210
177216
180276
186483
230361
226053
269544
317401
318620
270899
313063
274789
293551
252819
276322
236694
362724
275210
187096
180998
152497
178512
153987
109228
123057
98148
94452
113887
94746
110755
95396
102060
113640
123124
95851
93702
92440
93854
108134
108059
124506
120319
112772
97788
117243
127861
93295
101592
98859
105642
139639
118827
96460
96315
97835
93037
115659
97816
89227
105065
119348
148648
164849
171482
165734
144141
139867
131389
164970
159838
105801
92506
93108
116199
104535
129184
129959
87413
109741
139485
101543
123095
120839
97132
98226
116312
100741
92878
111858
175824
160783
163172
126740
106716
118623
110551
99179
128044
148160
140027
119004
102440
108092
101309
89346
90279
92056
91933
102336
92364
94600
87135
88962
91085
96059
89984
83569
89423
93779
128261
91226
103320
93844
86998
132338
95556
109286
105033
93612
129423
97648
111643
111511
116499
104400
140689
134802
125328
129175
154323
127782
101086
113258
129716
113550
111891
123439
113056
150007
110847
106445
104178
99318
98003
101890
100292
102600
98824
142001
108078
98320
105134
98757
100403
102306
99493
106193
115609
128328
111672
100810
139252
104264
107485
104877
102839
117146
103162
105200
141284
102845
106176
110172
92718
109802
102338
94162
91975
155483
98175
97951
131219
101689
104130
101123
93268
121425
96441
103327
111116
106254
126174
124145
98964
129026
102525
99628
105976
99113
123211
101531
100735
107082
92347
146976
101865
112670
94089
91399
150363
107749
95557
127350
113536
116342
107296
95455
103741
95105
97289
107477
135043
185062
118582
105599
102966
99893
96393
98542
115905
91809
125260
96489
95071
91037
90176
113437
96269
86100
93235
100861
115322
199317
103217
104453
187661
245504
158242
157563
205912
164153
213562
276486
251145
310739
315096
279743
297146
249947
294500
249255
275802
213927
194079
192204
268702
221438
191290
184533
183082
182663
187542
294629
183472
170589
166893
172248
206212
183604
160669
164166
197135
170483
196066
196549
187278
209804
164019
156628
160625
188062
186469
189556
174351
174039
175553
175154
187339
173737
173126
186664
174124
175559
187423
174417
177785
189271
174006
172439
187498
166165
169022
173610
173514
186510
187153
188845
171758
173494
187569
167246
189950
188412
180060
178073
195382
173146
173357
190420
173500
173872
187930
173588
173330
187540
179791
180556
185538
185179
188817
187297
186832
175425
173338
194798
156509
182049
189037
173237
174580
186678
172532
172419
172302
173638
185313
186524
188582
182690
180422
168902
173268
195578
180940
174431
188800
175049
174538
186817
187227
150056
194932
174442
173520
187195
167024
167667
186852
173415
172518
187497
179471
178548
186342
175654
171853
189735
156029
181094
186971
189717
187886
188048
237186
174707
183872
137760
133349
127452
128041
155560
180899
141836
143585
138147
133539
166506
163453
124785
109793
125280
169531
175515
177387
175764
151680
149238
111423
114951
104672
123553
118772
113459
110726
126335
98682
98947
98703
97285
90303
130923
154334
111171
104917
96097
111680
100515
89599
103634
91638
111455
94653
114019
102023
104865
130760
99449
96215
97923
89085
107219
111624
128044
104592
115653
105426
98725
111114
98374
121449
103419
102014
133236
103108
101158
100764
100558
101131
96430
118206
116202
95670
139709
106351
100477
112936
104001
116163
112680
104707
100775
102128
102165
111263
99172
99615
97384
100447
114971
95913
104644
115216
102553
102863
111030
109904
108132
91344
89760
97141
95755
103983
106036
98355
107865
95412
111353
101998
96796
104494
92031
106591
137588
103171
106812
124829
117536
123970
128316
104118
101150
105806
162822
104947
113306
102325
97801
111412
107774
126096
115741
104587
136057
122482
104541
120186
105370
100057
111542
102856
100121
106618
101024
112416
102933
101254
99265
101972
100553
107221
97176
102322
150629
106833
112253
102825
106514
125708
99992
121710
123391
144138
136827
109073
111124
129485
98874
106880
102164
98574
118163
109907
122152
123391
102887
122060
130492
98264
112305
102479
103320
104983
141990
109758
102978
99406
98273
107165
97229
105296
93218
110984
99848
124845
110214
103482
110785
96447
137778
161730
147822
150389
148107
154227
155026
147620
141563
98901
121757
96158
118424
96339
97487
116412
97083
95456
121905
99547
115762
97245
94808
127563
97664
96991
119130
97086
115138
134104
96318
112138
102444
89329
132375
100151
108062
92648
94092
134963
92801
93843
116716
103802
97902
128333
100132
114263
96646
105634
105493
99676
115070
95018
92841
115303
96409
93951
98108
93631
117031
96421
115037
116377
98007
93920
91950
97201
121412
103361
90392
99872
91524
114136
103060
113081
114500
125994
99672
103297
100616
98692
96102
93532
113853
152541
113315
106692
100387
100058
151812
108820
97497
101052
91929
93770
87870
111161
92380
93813
108958
94985
95003
138385
96631
110456
97708
84952
138495
87437
95973
126148
122373
155755
186536
164147
156420
138647
160491
157280
144640
144596
143684
144124
180987
167925
167246
182868
167955
168175
181793
177704
178508
187814
174248
173166
165275
185010
144859
188050
134317
131151
129430
141232
156199
142879
125122
124707
157399
155976
164807
137092
134709
92523
122226
99058
174174
173578
170346
105362
95961
92634
94308
94672
116337
111418
94753
91800
111653
96132
111492
112669
110409
95169
111213
121708
93687
110915
96703
95535
106745
111752
96152
93318
91768
103646
111397
94508
91176
94262
93197
113450
88349
106474
112305
93422
100478
91946
89919
110858
101871
104118
91197
91128
112122
95778
92286
91233
93882
111235
118790
97041
111286
95570
93597
121659
97704
91966
91815
85329
130045
118000
102609
114420
90139
91758
112024
166394
163122
168642
179527
153311
173011
154239
171622
171673
149752
245758
200325
123350
147568
127666
130345
129180
133101
164318
167984
178465
156185
177144
174564
139461
144997
145925
143275
142738
198041
168401
164855
262042
236109
290525
251532
299316
276035
249183
240864
264919
265490
237750
333298
288077
261109
319088
254994
237067
196457
148060
147695
102545
93080
147095
136063
148712
147379
189955
212417
235281
245124
184904
184364
177701
173800
171682
200616
201222
212799
264552
225791
264179
226203
237084
225672
263390
246954
209836
190364
188832
183402
172599
180076
254887
209356
180337
217240
167476
193553
205314
172316
163860
195359
161223
187546
227997
179241
203891
160513
157908
170449
159165
186977
188194
194519
189796
188451
168011
167977
259281
174432
98709
93586
130406
123045
110164
139529
138388
119335
126294
150492
163376
153367
153824
132477
130158
137854
168866
181418
178602
181727
167510
172231
181364
166701
167957
179615
174576
173111
187978
166072
168179
185953
174540
173649
188286
173102
172603
187046
154413
148316
190046
181048
179991
186635
176366
174031
182285
175441
173355
186955
175172
173955
179906
152921
180299
186456
180953
178906
188184
173739
174146
185752
173032
171390
188260
168220
168072
188136
153098
175083
182799
168281
174282
179254
186039
183037
186076
174151
179961
168406
167761
167136
169976
187590
175728
175240
187597
174421
173550
160881
144650
175760
219410
172769
172988
187776
186622
178283
201141
165750
168893
180598
168866
168770
167837
154801
144064
151506
149029
147925
181539
179110
195879
174036
176998
196828
191178
187737
172961
172957
199459
173781
172262
187125
182499
188167
193841
175193
175130
181515
173951
171880
189288
173288
175383
186290
174959
172367
194637
172920
179752
182522
187421
186192
173601
173393
189056
174949
197341
171747
171461
161869
196608
188168
186988
186809
189169
199106
183034
183265
188233
179850
181588
194841
177697
179933
193912
176427
153251
197565
239979
310731
295807
265124
259695
244149
264207
265334
265518
305882
260541
280932
243391
208460
239141
244889
191236
184008
177008
207929
170606
160145
172903
171206
160774
153446
195719
170754
185346
197531
159861
155256
158551
164936
185697
166570
185647
153517
173534
176876
192282
167656
160225
180450
179898
200593
173560
187732
185901
178506
163170
154214
152415
179311
168151
186048
161832
220921
178437
160250
153902
151004
155770
155763
165902
141403
144862
156546
156046
170284
183728
177857
156977
167345
317436
157669
149302
181952
172200
163352
145372
148674
152557
147548
179453
174477
187980
157025
148963
138335
146113
153712
152516
150124
185366
164731
171879
166453
166279
144475
142815
155565
149545
151491
174248
162524
158465
150580
142901
158285
149751
146997
178531
157484
183074
158005
178665
165393
155698
142500
156438
151793
154804
154167
185717
153153
186635
199624
180146
180388
180617
193712
178876
195163
187817
187461
165663
182562
165689
167477
156065
151231
150022
150227
149417
178194
160080
175299
175274
158179
171491
158576
157358
183759
168362
161030
157733
160020
162811
157738
160875
122816
128457
86971
109748
88297
88115
125355
114164
143155
136221
197443
161336
157508
197559
161167
186692
162234
156697
155592
173927
165485
163167
161607
161542
168033
204021
163035
184810
171428
174095
181163
191342
149033
158110
146279
150029
151193
150259
154458
165303
168783
187379
192086
184706
127322
105407
87084
113765
90249
101554
89100
84429
114910
111280
114658
132765
162005
194425
181074
180779
194733
177869
172357
186646
153861
158216
156288
154366
156056
151111
152377
187107
173230
171327
201466
171964
187659
179668
184258
151178
163314
171496
197726
156372
174854
166049
160503
156675
153712
153703
143406
142250
189627
150550
185564
186107
135736
120799
88035
91973
87233
109549
88671
89004
88096
103435
108725
150028
121320
147520
174072
182592
178350
193407
198640
169715
187040
152943
172471
165204
186149
162749
154369
200021
190299
173880
169006
163202
149545
154595
153632
166008
159087
193025
152946
172709
177097
200647
175515
159865
149382
149089
150714
146477
140407
171745
170568
147600
174780
130060
125338
94537
92155
97386
85618
98024
84646
107603
100521
150676
137063
120315
138619
176737
165428
173672
152886
194853
184701
185754
170648
154805
158478
162335
158813
161262
182149
178462
169594
153405
157672
161083
158242
158701
164906
156089
170845
156049
145708
158603
164204
159940
195731
170644
161858
155505
154311
172286
160268
173217
158801
145433
138189
101322
123356
98225
87828
85789
86408
94092
84716
92282
112704
87194
93899
101051
103879
124645
131760
172995
161778
159376
166554
161770
164117
172310
160414
159010
157509
164699
155966
169446
180825
161286
150903
166523
165370
274552
258757
249330
240738
233573
223677
213025
224916
194302
185808
182274
204554
170898
169735
111555
110493
90573
83657
85015
82943
83468
89245
87633
101235
103195
107205
133914
138605
132671
172371
168062
165782
182582
168153
165478
171586
165030
174488
163705
158024
162630
160740
164280
173686
165922
161931
159562
166183
167871
178718
158825
150946
169965
159695
161629
161617
172079
157968
161285
159422
169564
166295
160495
154760
167602
163324
161230
133889
116313
105409
98635
117057
121268
94477
89561
85833
85494
93849
109682
104387
102930
122142
123101
142888
167976
171042
177604
173812
164117
162029
158257
157334
164969
159043
167383
162997
160033
156220
172841
173588
155635
179587
147609
178021
173465
150527
153670
166026
159605
154648
154358
152076
158728
166561
173426
158531
176692
156167
164217
155326
191934
143489
97474
106872
86485
96757
95847
95540
105365
86120
104020
91154
89879
91877
92108
117496
119780
139394
165533
160746
163252
166213
154668
151337
173215
159709
165301
163160
159935
158709
165176
161910
167886
165696
171813
171366
158465
159371
166744
171088
157041
162518
157718
155818
160920
158260
165955
168449
170315
167596
169452
169087
162558
159114
170488
144468
113725
106038
86753
91957
93511
93779
85081
83579
92334
84661
192962
116051
145928
152302
95005
88240
85975
82844
82809
87799
120572
151976
131179
126837
126526
149413
145021
134671
134376
133825
148568
152138
143099
153560
154145
148115
154106
151000
154872
147348
169796
159543
158616
159617
157640
156730
163190
180043
160596
158764
163067
176764
167239
169676
173693
137002
142537
106138
92605
90071
97506
86607
84615
83371
93973
84496
92176
99240
107591
106239
123323
127856
173337
164907
167972
156028
170177
161386
163118
174536
155180
154648
160120
165566
169686
185416
162728
170561
187397
175559
183063
172685
216817
166919
185478
171469
173074
168671
169175
165162
181147
159375
170218
173645
168064
157380
160899
168979
170840
161596
129873
102890
85699
92613
90290
88079
83411
82115
90533
84422
111492
100312
97701
115545
148667
140984
172078
157065
158680
171926
193944
179004
162302
179166
173564
175488
177271
227088
181971
174133
171230
178943
166780
158866
161888
170812
162810
156401
172236
173086
161172
157484
167464
168484
156168
158864
179953
187050
170251
166544
166203
175789
160839
124401
125319
95635
93354
96061
91789
84286
83225
84721
89417
89744
86929
110891
104856
125827
155162
157052
165143
171577
160311
165678
160310
158281
158068
166221
174663
156991
165686
167261
165444
152103
160418
170011
170980
188175
137888
107060
103327
153369
176765
165985
177830
186392
224250
205507
207352
196616
152222
182098
112589
123985
91635
111602
96190
93971
91700
91002
98569
85293
92526
92848
89284
118864
101207
99995
119337
147811
161963
178060
133146
137256
154015
178995
179259
200195
217452
240397
254168
293618
248152
256515
293062
238208
233251
258986
240614
227964
234936
201201
186134
178180
172450
182007
181660
166843
169522
177341
176848
267306
182025
207397
267616
199712
149235
147097
108565
103773
95881
164861
134127
183180
184585
246972
294165
234483
237843
201148
368844
208724
218272
184523
232506
278030
248306
271141
265593
266832
251598
259034
245746
227627
201650
214333
205027
181320
194215
221270
225282
199732
208965
177881
172520
168905
195865
172952
187367
168132
186955
126832
117531
87224
121723
95275
103725
85715
102384
87680
85274
109884
103620
101535
116789
238132
139156
156553
110295
111005
118143
116224
109466
108640
118120
104868
118094
123966
119899
118622
155198
131876
132862
160861
150946
150050
133386
131700
144134
145423
155499
176355
160648
168086
154544
155567
144552
142674
173431
155688
150897
147393
144738
150732
148602
152158
137538
134875
98750
116723
89682
86898
88814
85329
115991
91059
87669
108257
107271
103135
101302
127643
118993
145852
146832
172959
171370
182537
157342
148482
145343
154552
151598
179612
160316
179879
160670
176940
157827
158579
138431
163401
179798
166925
166429
146996
165954
168620
147073
143007
151046
173479
181296
148165
146304
175708
152157
183342
165960
145572
157925
161058
113980
99930
86556
114746
89006
106379
122704
92669
85853
97625
95842
95911
96922
145471
154297
142627
148535
159850
184204
158908
154253
176301
154672
180451
149177
147353
147222
148060
147431
148636
180613
165262
155024
151945
186030
150472
155083
148023
155684
152280
180048
167654
169478
155451
151217
174093
157043
161823
154099
149038
152070
152938
186981
147622
168427
91834
111494
90604
86639
103283
90913
87501
90112
105953
130999
117665
102900
117667
102291
131171
131884
182257
151711
187850
158366
152903
142988
160087
153068
179867
156516
172202
168691
156507
144815
143085
146867
149605
145907
187661
170287
166943
150808
147717
166902
150074
149042
151810
161179
209553
163992
158037
160757
181697
157899
186734
152448
187031
170338
134451
98716
97812
87416
92804
117699
88541
100798
107099
100144
126784
105257
101836
91370
91110
91337
114062
94892
98405
136715
90172
104005
281580
314407
277285
242996
242310
284292
239421
278902
223157
194263
193302
188990
332461
215741
252826
181204
176955
172693
170475
166127
229347
196628
264286
277044
282981
340481
362646
309518
248039
186401
180405
141590
123883
160366
157396
248146
223517
235536
201159
199526
184477
201383
262038
168611
190750
152200
165190
154520
129811
178720
124171
142949
135066
138265
135618
161338
164575
193792
237133
312624
290925
352344
310997
262118
277026
309498
227061
247041
210519
207959
185747
186473
211146
219835
188225
182293
128800
167846
102806
131470
110003
155802
154271
211607
179510
169783
166768
165666
169225
174464
172978
166111
171233
207749
173265
170302
194786
194959
173316
164568
195614
173814
155172
186001
194296
178609
178615
196235
180753
191484
163297
145260
149188
146384
180314
180623
185834
167161
167051
187956
174530
174032
187891
175530
174237
190574
141048
128336
94526
111212
130104
102659
173241
174421
155677
150578
186189
187997
187256
173718
173255
187875
173982
172135
186986
173820
172734
188730
226463
155432
170481
172132
171677
181144
167477
174728
188481
165709
181498
184742
172885
171630
187063
171397
173890
188689
173673
174642
186967
173553
174394
188261
176046
177378
192013
173957
172179
153497
112928
95034
105927
87529
117372
122738
149022
146641
156052
187109
181388
180591
195507
174288
175038
186749
176091
175918
186025
175087
174554
186024
172975
177038
170538
176633
184058
173956
173064
188733
172109
173403
185899
184080
160027
154361
157582
164288
157682
159299
196286
167351
193318
193441
203403
156420
181725
204485
188931
181525
173055
127690
127274
88188
111460
93865
150787
133012
198330
194037
195942
160982
186549
196840
178674
179762
158743
149973
182475
196674
173842
174700
195215
175256
173948
187843
179686
180329
186760
173073
173128
186507
182955
173697
186830
187180
186996
171877
172719
186321
174477
173031
185363
175807
173738
188542
174893
174375
186860
177192
174650
157228
123302
99779
102919
89304
98269
117083
171119
180035
182444
197527
186831
183998
194470
174177
173091
187379
187173
187609
173259
172706
187457
154975
183392
160205
155751
157425
159845
194366
167327
187482
186094
198995
180542
181726
187149
171837
174020
187437
164812
167223
187492
188511
187006
176543
174046
188633
162258
190350
162484
164705
166414
121222
104551
88871
111173
112762
110132
187159
155330
163044
162796
158790
171032
162779
159544
205120
159841
187825
204879
160042
186727
196259
187571
188779
196730
164285
158715
186404
181772
179487
188301
174017
177695
187281
174091
174983
189359
172246
174588
186407
172570
172796
186211
175316
175148
187773
173168
174685
188108
176335
173838
160976
147220
97129
109591
87762
86060
127748
149646
145722
147954
182849
186683
173644
172565
179009
167304
172289
192296
181057
170746
247595
201812
250218
316530
273799
243910
279790
314479
278908
312860
432844
235921
248658
275199
212221
223181
254534
209253
172268
167637
172279
174257
169800
166230
173582
167897
182303
178765
148064
176141
138279
104595
100794
164058
165354
225132
282084
275802
310718
278414
311104
244219
256996
222695
228385
321088
212911
194366
196641
212975
216754
189667
203378
173982
170618
194806
172764
202115
168062
161639
194909
167429
162046
187780
186396
195436
189541
164487
150492
148859
150719
193600
178609
182747
151089
144795
150922
99777
104958
102655
126493
111480
143811
167194
182517
237656
151029
120616
106851
86062
101163
89651
109725
160781
156806
167704
146973
144534
142976
146031
143485
173484
173294
188587
173576
174404
186748
172306
171577
186056
178713
178620
179141
175129
172915
195571
166975
172004
192222
168160
192487
188405
188611
184867
186155
185883
169908
153358
110860
93316
108036
87731
110025
115387
130510
127893
180740
173021
182921
188725
173726
171991
187522
193763
172536
188497
172133
174345
189524
165879
166948
184677
171622
182308
181508
194556
180234
189056
170925
156844
189170
202534
166638
185073
191097
154421
161832
138706
205724
125355
122473
144454
118749
118136
138471
124329
119716
119013
139460
116251
115602
136797
99538
102837
103598
93210
102315
92986
115453
107092
100319
97052
104500
104725
97098
115821
107684
247348
159270
160898
155600
128896
101478
99970
94448
91045
114053
97783
108962
93190
103400
90124
94787
93384
92372
94988
92630
97241
89876
91528
91928
92133
82551
84369
82357
183378
171689
187106
181370
178521
177442
177799
163193
165638
175661
161031
154335
152030
107769
111126
94855
84476
84433
83899
128514
148454
138711
165290
168604
167540
154190
157074
176466
162977
167556
170601
164561
164390
165308
160265
157556
163745
158913
161294
159391
163368
167423
154047
166237
173181
160485
204976
166951
165102
152694
152576
156762
161804
157843
158154
170727
156217
159921
161962
159691
156143
156736
146207
152402
170644
177270
121783
133548
105730
113938
95707
126702
127322
156115
153982
159370
164864
153371
160728
148180
145508
160371
184975
193474
195722
243914
240076
314850
268769
331978
275824
315646
315463
272748
313301
251286
274074
244833
232095
252010
212298
194485
190760
214710
227976
204363
206131
214943
168892
162549
160069
192329
183053
182829
125121
95790
107799
119286
101114
136915
191853
182516
157047
168732
168888
189400
174390
174234
184809
166922
167137
180509
165414
168024
179234
172861
176335
166830
204900
174222
164690
162030
191368
204987
196779
186195
199649
155890
179609
195502
182610
180494
188264
163228
149000
161466
195210
169209
189310
191770
198246
160335
178510
174294
119854
102994
85520
129269
106680
125940
179722
149279
181243
148223
169970
187337
182532
181162
188549
173263
187257
194318
179950
194077
212199
178924
181600
198442
173325
173276
187537
173034
152431
157850
147247
171365
153290
150504
180748
179734
187292
154394
173407
160661
154509
142485
206166
174472
180900
195617
176464
174942
215275
153373
156432
97442
95124
91480
93480
104195
88227
98323
151714
130852
164075
154122
174906
188557
179461
181653
260232
166644
168037
187543
172919
176159
187604
174074
172159
188639
169056
168755
180660
167986
167186
164810
150532
157402
148492
153840
148603
173673
172992
188629
181633
180190
189224
173319
174688
163853
167611
153415
189660
211369
113383
132566
133239
99590
96828
91120
87740
129565
94414
130615
128612
130679
130703
189240
181821
181597
188306
174394
179959
168921
169259
150055
138639
142934
174999
181257
147362
145285
142771
189635
159074
180764
197352
187665
188235
173734
174756
192179
169762
246039
144192
166379
181372
185778
178969
162403
174039
188773
170602
170208
182359
172750
179995
174967
123559
113536
95495
105463
95793
91497
142237
129602
147075
155074
163672
162234
161445
140581
139646
137722
176743
145437
171374
174643
167703
167550
173207
160007
140854
145896
148478
153167
206623
188212
176035
174313
180670
168749
174069
187729
165826
166441
182027
181069
180192
171974
148759
163265
164819
145524
160704
159446
157798
151447
156943
201503
111136
96854
92685
110641
103834
88226
102381
97987
110436
126711
97172
119923
115158
95095
91821
112395
95771
110419
100267
92233
109373
96427
109760
95797
93134
110937
96470
148987
182170
173228
190227
162842
142128
140494
194712
167811
170498
181202
162978
173708
174730
195860
182170
182052
189301
173724
180814
195671
175314
174335
190767
168041
168564
188625
168913
172514
127551
108693
103449
94497
92659
121188
137715
131858
149284
153541
180695
188284
156237
149969
191137
164996
157194
168842
153352
188608
194080
181103
156583
227055
158123
160129
186399
174670
174494
169537
182377
180414
201977
174282
172133
187966
167270
168064
188906
175156
177402
180651
172851
169870
189180
174504
174054
189024
168319
166999
128195
118071
92092
108369
88344
102469
88691
106878
103200
102151
145987
126962
158779
154457
152693
189456
193341
188633
180134
188346
174967
174654
182410
189579
188092
188967
172252
187223
189178
180221
166937
167929
179470
168525
166564
181378
181121
180406
169177
168797
181931
168356
174196
158558
144875
149323
156874
149946
180842
180934
156676
155895
98916
96397
111337
94906
108357
95151
86054
97972
89788
108334
99181
98120
120896
117631
138906
179306
182268
200473
277610
234301
234675
249936
207651
202598
212927
197355
219204
204820
192253
192707
197296
183366
180682
170863
178672
175235
174459
172656
178027
167169
163810
173211
162666
157651
165588
159026
168649
176020
169566
158943
166158
167918
158172
115775
120183
85789
83706
84746
83461
118300
165814
151329
171805
168490
166113
165692
160274
160463
155777
176313
169366
169202
171386
167200
158411
156876
167848
163793
155552
157828
164496
163277
157268
180078
159454
156578
179320
160891
160198
159937
152676
182043
162830
177335
164157
183408
165480
176422
163286
155681
166182
150348
147421
184763
154367
154094
113744
105830
85779
97750
91083
88278
125285
129699
168025
175467
171610
166343
160134
157312
171121
154204
162442
168112
154463
157552
175624
158268
150433
155184
222122
171959
169633
170236
160324
157475
165653
170771
158679
175276
189560
175043
165305
157028
152799
155778
171314
170530
160460
160010
158408
157614
162874
154245
151227
165031
201793
130424
100567
99104
83375
85184
85142
83754
89296
81438
156370
106663
102880
106707
135170
144044
159283
164967
168908
167274
158773
170924
159434
155665
167237
165654
158617
167574
216020
160661
169933
161999
158887
151020
162074
162138
166802
172049
173073
170634
151520
150901
158219
160639
153781
158840
187405
158345
166590
165152
166700
161267
187624
135303
154124
101001
98418
93427
94543
86337
87414
85295
98605
83462
102647
91043
125224
117943
128239
126316
180953
187582
182455
277839
227694
292985
249870
315152
251533
320555
287246
264909
230187
242916
253613
193038
191279
196450
180699
177745
173401
172869
181318
192802
240678
220397
204971
183212
169138
176177
169617
152680
151027
191516
141269
147979
96990
111757
127277
89164
104387
95300
103421
110973
157703
119975
136464
119637
136504
168373
182696
175094
177450
191161
171863
178206
191065
175386
175755
182920
168436
175709
191701
188810
173464
169252
169415
182569
180532
199154
180601
186477
183318
181133
167058
167088
181375
175143
155555
183098
174315
176734
191748
175815
175101
175718
126601
95164
92847
112956
95002
85514
92269
83478
109207
95136
111983
94538
92636
109314
96031
100680
93330
84757
109961
96960
111460
98777
85595
109718
88204
183168
184689
190510
179114
152464
147395
140378
141919
169029
169515
183687
166468
168153
181596
183271
188285
171069
145271
145355
175465
189447
154583
155775
165101
175592
171224
153443
154176
163620
152592
200099
118715
98632
99127
102783
107963
91555
97284
91433
96325
87890
101269
122265
101586
96419
94195
92729
83843
84485
97848
90437
89826
87167
83203
85927
84381
175025
173473
200114
186495
173287
195332
168395
166799
180901
160440
171372
170443
167939
187220
156434
168014
177243
171798
162529
152783
150558
161781
171869
160947
184190
182615
100121
115032
111321
105495
111012
106729
95869
93498
93124
103257
90261
85553
83023
90954
96828
99528
111541
84175
90618
85248
83582
82274
84031
84100
83728
89951
94056
82727
90862
94706
106699
83483
179886
159424
173910
162410
158412
151258
161235
153200
151495
151891
158933
155130
173427
165179
180048
161066
165001
157157
158270
166452
157971
171907
181159
168495
159816
92239
90251
92851
91911
90752
90868
97221
89501
97522
92216
90275
84753
86512
83337
84892
81345
100056
85488
83732
85291
98954
96487
131870
133012
143342
157216
174479
161312
162380
158156
162651
161043
180904
157016
168928
176232
172922
158483
160480
161957
160787
166346
166197
212278
158288
168507
166789
188028
170665
146449
97717
126438
88693
85313
86868
156214
114305
100236
110787
101595
92596
130479
101414
96357
131554
95203
92888
94026
83379
114231
96536
109642
103465
94060
92645
106619
103409
87519
92788
118033
172775
112376
107656
93295
115273
96652
91389
112604
97631
93837
111053
98453
86859
90385
93236
108670
90711
113391
98596
181704
110490
133810
96655
93080
120320
99967
110038
129129
116817
121745
88936
112744
105399
98292
113545
117907
95232
116214
96625
94181
122433
128317
117839
125663
97329
114764
95973
94327
113952
98459
111651
118254
96292
110977
127141
164103
162635
174286
168256
167311
196397
168319
167157
180353
167780
167827
179882
168142
180289
180918
173646
174583
187674
174598
174027
187150
173870
175858
179710
180456
179961
179274
179720
166687
167421
198941
162676
172499
157158
148052
143904
144970
174371
187181
152134
172618
147230
95973
91625
108909
94614
102961
125283
170325
160198
201474
188130
180977
186841
172611
174557
186794
174302
212353
190240
194167
179859
179362
194455
181200
157517
190704
174934
172885
189727
174207
174434
189847
174408
173298
189662
167760
167346
181167
172880
173272
201862
161931
163500
182700
169299
167473
180736
166735
168808
194297
148242
146818
99894
93778
102740
87739
97210
134225
136519
154220
194243
186078
174415
173282
186645
173674
172769
162367
190124
180181
180356
195536
179982
180891
206241
172695
173238
189141
173301
173577
188584
173200
174458
186635
184696
181641
178756
195932
179714
181680
195660
149138
172857
189425
172026
175160
166130
181837
156050
195856
148320
148876
131133
88530
85438
114696
96103
151334
154139
154861
179543
185375
184994
191601
174416
174441
188301
175170
173229
188017
187548
187663
173569
149555
159683
182928
181587
185911
167230
169689
178462
168415
166736
202841
173219
173600
186558
167875
167785
186583
172829
174456
290752
259275
292872
308600
262557
187758
178532
130953
150356
145988
153151
203142
195829
193675
215843
196402
169784
207007
160954
187468
206735
206541
158889
169136
160337
163730
169969
167550
175652
162851
165034
163772
167784
159325
157740
211056
235492
162509
180283
157436
152987
205770
187783
187218
194395
179993
220281
195141
202776
181198
179688
261872
134818
156937
117270
150769
98528
100510
92338
109554
101846
108461
111794
107788
99917
93930
96268
116150
96102
110776
126898
90413
118454
100180
93994
129933
96049
112114
95504
91387
110205
178631
156445
110637
134844
98076
103265
89515
92897
158626
137508
120853
139432
119414
139558
121308
94854
94770
87753
85054
128744
100941
111637
128764
97029
110961
97148
122800
130498
98412
121386
98874
100370
113683
100923
155275
153093
150693
154981
153201
163331
174394
160807
162199
160088
164649
105776
91167
95597
92023
92514
99433
93166
95582
90548
88320
89937
90880
98476
91250
112734
108910
93173
114981
95517
111737
93839
90207
123406
93983
109630
144982
128720
93916
111844
95089
86463
113415
92378
160500
151317
204801
135608
132996
231871
210050
202726
154606
160728
153187
172888
149222
169255
152223
159071
156148
157979
152716
162053
121814
97158
97027
107874
95457
91623
91258
90979
96716
90101
127103
93571
95914
90588
107486
92950
120867
91621
87009
117096
117964
110290
119328
93639
116571
133511
91409
112155
104676
89292
149288
100728
112982
99936
93322
115907
96464
108216
133604
102336
95486
120489
97121
113212
95950
87134
130483
95714
107071
97825
93648
151866
91178
109605
98334
94462
122253
89955
117095
96420
90737
128644
98134
104160
99623
92854
114951
106244
111180
133839
89331
110555
99658
88781
120317
97625
172402
120419
104299
104061
99236
96744
103551
96503
140726
177049
121159
103983
106409
115156
129005
103452
101968
95483
93904
90568
95232
93370
105165
88087
126435
134758
157086
133190
133851
129815
140744
148688
137379
130567
144001
171732
92753
154031
137997
135503
169164
168273
176332
142143
142651
137762
145861
168974
182459
167185
167529
179733
216264
151624
184962
159598
152078
152327
159316
153788
190858
180553
181339
190424
169285
168178
179529
154632
93228
91482
106129
88379
111750
96886
85674
171293
170043
167960
191157
179183
176262
167723
167490
178675
166749
169021
181680
195318
176536
197995
163045
147091
145634
142308
146801
175288
178016
175914
175906
182227
180986
146256
160871
148290
172821
150576
148844
147829
145696
182662
188998
174642
174739
190964
188091
174782
181686
180044
181101
168761
168262
196596
148361
148155
189906
187306
188642
187276
191108
173995
175644
183321
198550
179076
206226
188712
175658
173921
187225
166255
169392
186643
176906
175861
187817
175701
175936
167327
171023
181672
169106
168871
181728
174786
191094
172646
185235
193730
169010
168042
188710
174241
176277
188113
169895
166987
182967
190104
188010
168430
168970
195917
170597
168486
159962
158147
141878
147680
154915
189117
182738
181734
189113
168620
169371
186523
169962
176775
185847
141616
127168
131215
138880
172232
164398
140784
93496
111819
113435
146779
134218
97454
96347
139839
174067
163265
125486
120601
93136
112877
95057
93169
122870
89943
113073
97131
92235
136966
96859
112007
96333
93040
105613
135873
97567
91795
104652
119903
92165
109926
95393
112496
96004
86720
133838
87965
111589
95314
92114
109421
90084
114132
94902
92858
128813
100882
119454
108219
102579
97613
94941
93770
100676
97081
99739
98192
96703
118585
116208
95220
113251
92640
105736
92665
91876
90363
96170
107834
92188
115147
89427
90105
90034
87881
105988
89699
102280
84743
94354
95472
87817
94787
106114
86334
92867
101476
83412
85770
91747
102563
84278
98478
88316
89005
84924
93212
85189
93746
90336
90281
99988
87436
85650
93375
81784
95923
86350
89520
86229
97595
104197
92871
97338
153078
227059
130688
104089
102540
98548
95364
95758
97822
114304
96964
117159
158084
104410
98043
98445
105226
102614
123658
128629
97135
95066
99532
94774
117022
96279
94705
149096
97156
122732
119450
98889
106309
97009
86497
131528
120912
105430
94149
117246
96648
107239
122620
105220
125919
139277
107719
103861
95489
119901
98585
94665
92281
92939
126851
101749
95562
109665
94678
118815
98668
94759
114994
99413
110623
98978
96932
115519
103407
112661
102694
95168
115945
96130
97466
91248
118273
116760
97673
87807
124362
98905
126562
101943
95170
116823
96671
