421679
314061
273951
245011
229550
130020
123427
147935
113614
129364
302629
152542
165172
283251
130015
115093
124164
112844
116435
122810
198686
130139
170704
143835
128559
126153
114628
114713
114470
170233
144736
140217
158493
168803
162434
126620
131002
121532
153567
251545
142424
141695
127362
121529
130087
120553
129016
114970
148297
117929
110891
194962
279110
169395
232948
142130
162112
293756
135853
115977
138109
113146
112509
170649
159896
211197
170353
159783
124917
118720
203236
146458
160825
283633
128657
126977
119329
132846
135811
120619
244665
137607
154820
176826
144700
121040
112474
114331
107900
135848
164313
199822
232711
207941
184369
235345
213318
219506
253471
301862
253708
252638
200195
253547
379202
335401
506870
211222
200937
217732
199397
267447
283037
165625
152680
138118
151218
140398
134346
132742
210510
136659
174799
115132
118725
121057
145536
121444
127838
153422
167885
178001
127205
126879
135452
156644
124693
112025
115482
115883
134770
117700
112297
126413
104688
110287
135502
114151
132013
121424
130534
134473
135272
137333
134053
145529
143263
140669
143875
142913
184152
157230
166636
167954
168291
166629
175864
166719
194595
173223
177148
189146
163506
173840
188101
174244
174648
175457
169279
164514
178371
175809
173877
177466
190336
174258
154007
162072
133912
129756
129010
130573
123504
116672
175894
134951
116697
114981
120404
134228
140098
121734
123339
126791
146557
157491
124204
119636
120489
186191
131404
116436
132099
126004
146467
141315
117344
117872
126595
116289
127825
112818
111766
120259
141584
129759
146955
109236
127074
118225
107899
120329
122907
109796
159156
120340
113516
119465
130968
111044
118805
114488
127674
122213
162963
138283
139695
113343
128490
140232
121086
123311
109215
108220
188749
120572
112007
110359
113508
113849
126212
111515
118323
116419
163842
133924
121983
112257
128282
127432
155068
121168
167744
125763
193983
142537
122501
125748
130057
116826
124776
119363
121732
125883
141537
123313
115728
114582
124720
158092
126977
143335
154931
139289
165082
146430
210901
210126
248859
245793
242322
318441
379817
282204
254624
189387
166218
123443
117967
167573
205000
257103
266732
239634
229159
199753
206198
298195
233153
214337
248883
204333
183321
169623
175637
182404
169212
179142
166128
204393
216028
196254
193448
263707
170073
191170
204585
190722
191779
196801
190242
189924
206633
187182
186599
203630
192254
189941
204976
189526
191983
207164
205487
208484
175140
150108
112342
110673
141177
122670
119662
189892
185664
190012
191432
183795
184839
195315
202063
194600
185877
209505
187837
196527
194774
196236
212525
186144
186748
200583
188809
188559
202371
188197
186988
204068
189768
190186
203505
185603
182345
204775
187560
200699
187132
189043
206959
198034
205185
197019
199710
176635
194757
201436
165488
161625
111872
113122
126624
107996
113670
178106
219580
199276
183627
184610
195236
196206
190050
226729
184312
183457
282683
153770
176648
188453
189990
177604
186453
229741
191576
197928
187847
190023
194478
190066
192111
236049
164185
186690
196482
197475
187004
196040
211219
197263
195511
208031
197516
203763
215273
196153
184348
194544
195521
182570
136324
118559
110351
129385
110815
109461
161317
141280
159543
178635
171931
197734
201142
203591
187455
188460
194977
197472
190802
196383
166478
251572
166941
211844
150093
129871
172411
141159
138284
169096
129056
130693
146816
131045
129855
147895
123856
144372
142365
138719
129760
165578
176369
150969
137824
138335
181915
177373
161869
149470
144304
166716
184857
182518
159609
117765
112991
130703
107812
104229
122989
129445
121100
198008
187898
189260
195777
195492
193892
200348
187304
200154
178792
165153
160698
175806
170762
203478
224526
170242
196864
211187
187919
191708
202566
188822
228631
184951
189104
187072
202700
190558
191618
199680
194335
193344
206200
190939
171756
175220
175917
170747
180359
199860
183395
165460
205214
152139
157467
110192
126160
131733
172234
148849
204116
196135
194776
202648
188744
192104
192846
189984
208899
186936
185373
168066
203934
260328
178459
203414
208844
200182
193185
208882
235226
198910
196585
192123
187168
194661
200504
270376
152934
176611
201276
216949
181995
182776
163789
159272
157146
176017
164117
200362
215641
190764
227588
176424
135681
119812
110724
125334
114177
121505
170397
175359
186805
188436
190931
195215
194896
195646
198636
184656
214076
202098
211810
194410
195235
212241
163630
189515
200478
196317
195832
200462
187486
187923
208508
195750
187465
200533
187062
190768
201124
194927
180605
192449
186189
203755
182186
189580
169004
164111
187137
270199
281357
246162
132740
121594
119482
139337
107873
116488
141361
132434
131369
162745
165176
170745
172823
143737
140579
178675
170741
170130
181526
292816
152844
174703
173626
189365
180368
168011
153113
156498
150612
197392
187785
187872
236230
182650
181868
188281
188207
190971
201361
190720
188469
202791
198610
185868
171873
170339
171255
189422
196578
194799
211002
163949
127636
148437
117794
129888
186320
117208
122097
197799
135914
131085
145107
150208
130999
132093
162047
173921
149397
138608
132913
170427
177136
182616
165989
155983
190750
168631
195204
194791
196779
195932
185460
181678
182032
196495
165433
155101
164387
173235
202997
204057
200614
277098
176048
184312
182388
201776
194354
209373
173810
176739
205949
213343
191849
166808
124985
120240
152201
116840
105493
190285
164570
194128
189186
266065
242914
215920
217022
267585
257473
197626
191142
202833
192909
204003
187538
193015
190358
191680
186672
193227
191048
185978
193353
176591
178886
199534
183358
178140
193745
176610
183047
194831
177201
187184
193764
177919
171330
203546
176698
215210
237805
180326
172817
199464
152043
172693
140975
108568
130646
188006
170220
168472
190741
183024
184406
170920
156105
143276
229985
186778
156175
134403
128169
132027
132996
132058
152525
138565
219372
184023
179781
138449
161221
153693
141471
136879
133162
178579
139633
132782
146181
149947
132721
127351
143806
148593
201002
135614
125904
155954
125993
132954
143053
160613
134309
132213
151241
129195
123363
139241
122897
120459
132641
121593
110013
125168
138225
129171
115333
127147
117220
155894
118505
113181
147773
120664
132601
155024
119885
118712
149092
119475
118103
136181
118459
122093
134123
121340
124218
113945
112078
152526
114930
115498
133273
116481
182855
153814
113762
122126
118026
134185
122711
118839
124175
132911
171114
139158
117894
131265
142681
119099
135586
138735
120259
134366
188506
125155
120207
149515
121247
118861
139504
137633
118045
137039
129778
113556
151850
132866
109537
155867
140622
118127
114579
158271
148179
121573
129087
115803
112601
131190
123096
117728
133726
124819
143605
125273
111593
126003
134857
114642
113737
142517
125139
121993
149256
122783
111329
132393
113735
121074
119796
115119
134104
120766
130108
128578
129545
121618
118143
134466
113689
119253
133737
117894
139688
141048
122429
121430
142660
111252
107638
119080
105129
110600
114688
111132
151068
145815
185679
211595
260099
300028
314118
276033
284339
256622
239153
240331
247358
227380
223428
196340
200762
221854
211262
208456
199570
201338
204688
213543
207751
199580
174019
191627
189094
211475
187408
183820
176258
184911
181011
179442
184061
172387
180583
210783
162438
170943
121866
120031
118599
129361
113467
138993
159540
132977
128917
144246
129910
131656
126019
124801
126084
182565
141947
127599
120234
126393
120831
164154
126977
175068
125023
173410
132218
136196
131265
120109
128333
146028
149758
136797
150360
173808
168019
236710
272130
234377
296264
375133
377744
342297
304935
354442
312611
295395
248446
285457
231450
177924
176570
172357
151805
150566
186698
224335
218685
170888
192905
206408
193207
199344
199557
193751
187546
192410
187051
193052
201587
188754
188745
176873
201489
197290
189982
189411
192778
195583
195785
203929
202466
201070
187912
188949
207736
184557
180454
309006
157574
158943
194477
204224
190016
197458
188786
192439
202927
192346
190757
164097
130907
116440
126132
107962
104039
146802
130383
164848
166509
205979
195545
197449
202664
158225
176070
193136
180893
183395
183122
183584
194730
191708
187504
198445
188020
196898
190723
188452
210110
205312
202122
206130
192088
229817
213446
199955
187544
191268
201263
190833
190139
195882
182699
181674
195673
180136
159143
157518
170798
196745
204822
162736
141945
113216
106440
136227
116056
110452
193868
193335
194717
210167
196338
194930
209609
186709
194835
192862
193408
201228
187797
188515
215257
165537
177593
165269
213279
186995
164645
163028
172799
202196
201098
199363
194805
190782
206344
209175
204735
202076
189954
192773
189521
185730
203772
188181
190636
202002
191133
170312
199780
171466
174220
155625
114769
108351
128389
106820
155737
156077
182454
167274
164219
162997
170929
172386
201533
216981
188729
209305
208046
209568
194624
212946
203673
189201
209834
164310
170194
167770
160624
167481
165442
201332
208444
217348
202659
204344
201181
188026
188998
203660
187463
197811
195956
192683
197150
197341
194588
206701
203048
195363
199019
183735
140022
121750
119833
124663
116593
108461
109628
204079
127053
137750
135913
111033
111962
106462
200800
190520
179396
208438
184071
182566
169345
181832
176940
160405
165605
179007
167150
153760
143333
228557
218379
210556
167811
136321
124276
129523
121394
118888
118215
172308
121362
113590
107722
115999
127695
137534
121699
143158
118966
127166
151591
141334
116483
133060
133012
120021
112114
134257
115979
132113
133255
114612
123535
132997
114449
111510
133580
114125
114688
135720
146542
116020
136417
149140
203731
189442
190293
184953
195241
187996
188243
194153
191669
188385
185983
177726
184856
191813
182772
177661
197606
186115
185662
182579
185322
182735
181169
192293
224470
188665
193160
112799
139850
120921
138384
135215
121966
120017
136195
126015
127809
135630
120699
120732
143336
119920
122670
131520
120155
120474
118193
119845
117151
138120
124034
114190
115761
124722
134163
131869
107611
135344
171188
167777
146584
176650
198314
195898
181924
194254
189559
186623
199268
200711
168441
168154
166887
173216
180409
164950
216303
217259
202763
202159
216314
193737
194591
208707
201768
194863
184753
136875
117380
111102
123471
106888
101939
168791
151495
171821
167520
170048
165871
172778
218541
195464
193095
215712
193275
195901
188436
157794
159645
203219
182567
185588
194913
193103
203614
188300
190674
203042
188877
193056
193976
193890
200864
194273
198059
201771
194499
193522
209338
186373
191969
203941
187610
187247
204245
164434
193852
195365
147037
128905
105595
133076
108866
103636
148505
129548
161826
175388
188285
166660
200621
210441
200985
207483
210576
194621
193787
205770
198701
195912
209694
187708
195779
202387
194258
193728
207866
195219
193809
210798
187923
189520
199266
194522
195373
201448
201650
200152
207207
219023
195918
208647
195677
196203
201138
201680
194301
204633
193682
193259
151844
131512
109919
124100
108635
104420
167482
192673
204383
194374
188621
203030
189104
186471
200496
200009
193603
201511
195111
194539
211738
191754
195188
231438
201815
200172
203525
200166
189020
188385
201416
195080
192560
211377
216417
221426
203422
207911
238391
175632
216306
194531
195287
202172
196803
196778
202384
194620
199331
205093
152468
137944
113884
126310
107668
108535
150456
155493
170798
168354
165199
174432
204720
203626
209877
192053
233782
203096
188618
190397
205264
194498
196940
202771
192937
188394
200626
191091
187870
200710
195455
194304
199133
185222
208903
225709
222329
198091
195175
210930
206910
216297
196134
196819
198037
190878
189305
201862
192905
196621
188496
141052
126187
114782
133839
108630
103204
146405
144729
158967
167602
163150
220401
195168
193212
207500
227729
197783
187557
188152
201626
196799
195673
203836
193700
196612
193144
193602
201235
195603
193416
208493
196620
193733
207894
188338
187639
202645
192633
208393
207641
251544
181312
194202
195853
202894
203231
200782
189603
201005
212683
189640
188662
177355
116915
114610
124499
110899
104337
117630
159495
183055
193230
195852
188656
193850
194185
196382
206916
260776
162227
194273
181625
181866
185224
185880
190537
205696
189416
187604
195089
193789
197529
202047
195952
231620
184346
187288
189261
203559
186761
185383
216597
194216
195977
199889
216817
195389
204622
186965
189981
201587
205854
208611
147635
134905
113632
139401
125902
104705
149825
231213
195741
202356
197302
195935
207273
195030
196156
198503
254506
170001
194190
187554
203229
192277
188871
192616
199783
206377
188817
190261
203329
190164
190548
203405
235937
164340
201939
194128
197864
201788
198982
193881
200034
313686
177158
151705
185203
206914
189063
190154
210157
185690
189520
164490
180228
138505
122785
136539
193879
122212
185391
142432
115490
114268
133329
115818
112707
129456
113113
111552
158487
114947
146509
121422
122244
162698
149367
129105
169829
131577
130339
119658
121795
113193
128134
114489
136810
123004
123913
118555
146880
120609
105894
125920
138113
112507
120178
115830
121508
110472
183030
118751
121241
140007
122588
136696
122355
119619
117830
114176
117306
123440
114463
120363
127562
126595
124134
129485
212585
174621
176377
126823
125072
110640
113123
114255
113495
115524
113811
158940
117362
110152
110228
108856
110952
107217
112539
118130
131731
109541
114945
114227
108475
134723
118081
115541
130074
108912
106185
187830
185877
203236
194530
203257
177950
154409
153503
202966
189130
195994
207408
243235
239092
177803
185601
152599
188382
225858
140759
120419
118604
112326
113980
128240
114307
112597
124662
121538
114627
118632
116920
121808
112572
110434
144046
148558
117674
126078
148614
118238
114684
142872
172661
119290
114908
147439
119515
119141
153688
145270
115592
108794
151445
119390
115219
150122
117140
120395
151922
168107
118446
110254
144071
117937
116998
146585
117504
116590
137625
117682
115593
139753
118841
115898
192269
188526
125754
121228
141451
128049
114401
141012
117998
113933
146499
116859
189537
122994
116607
144372
224250
120657
113049
116345
104099
190144
120579
117572
115133
146155
171450
119519
120101
119907
123681
125817
152803
131286
176753
143918
144903
132850
149720
123896
118048
159688
128353
120618
154878
156067
131169
121144
136261
114878
114361
137058
142233
115654
132886
230135
145897
104337
113011
113583
116663
133118
109756
128589
150707
124960
120815
159269
137627
135774
164237
155532
152294
141900
147235
175519
176509
186957
179617
160227
183549
175325
188933
188637
201595
202065
193816
193802
243830
238328
213780
277641
334509
300840
395521
259283
253453
257421
234042
198737
302001
221515
232052
164256
172305
174531
163377
152095
152517
172216
153447
122723
119997
119046
174170
127982
134692
145096
138349
151168
139838
135249
133548
127472
133241
124588
124850
141314
132053
147158
133724
132294
123997
125244
129231
126247
132384
135727
207464
145183
141725
137527
128457
125176
136681
125276
121945
131153
189343
131133
135986
126576
125121
121136
123408
121002
121819
121827
204759
115146
116205
116087
122753
122656
122212
122903
126986
125177
177855
135828
114072
147650
112386
117244
124798
121128
121394
158774
184914
129427
129514
117873
120041
123356
117153
115551
115097
122694
186261
135315
119747
118082
117855
117845
117391
119357
117545
125690
181776
152505
152953
135793
128164
124005
121636
126928
125914
126226
177303
132610
121064
121328
124772
122991
129962
171311
127157
130142
247048
133322
142478
118438
126173
131212
118319
123645
121105
120536
156964
118307
120378
121228
179629
148767
119120
125128
125607
125694
146008
121260
133442
138585
122602
128968
126731
123747
124430
130357
149869
124841
126311
124693
122879
131930
122677
119129
132133
123349
165207
127873
130194
145092
142177
163559
150216
146975
146096
144858
193178
173927
153209
151665
162736
169088
191451
166139
181009
178604
194659
196424
180978
193599
198003
200909
191545
167097
166683
131495
131809
124200
130686
115936
136548
114378
167544
167385
128870
131608
128008
142927
153788
119153
115004
163738
197106
127061
132243
122352
126143
135055
116977
115451
141408
137194
115333
113799
154978
114894
115413
122887
121749
120446
113256
138787
121744
128077
123484
123870
113629
126126
125021
114152
117492
129630
118412
177384
129880
128228
138532
142586
131395
129657
209278
143514
148581
128226
121324
118035
111488
117369
136602
114461
133643
153334
109907
112042
149346
115391
119106
117013
123695
140042
119316
123549
119421
121291
108780
144807
111838
110394
127785
117945
139778
127126
112301
114903
115898
136411
122309
109020
133875
120434
115379
121216
113468
113407
129768
108262
111266
119806
105600
143909
112453
154173
141980
112067
131868
115596
107395
120989
109341
131831
133355
132132
132847
150351
120209
110738
122756
104593
110308
106884
136490
138148
130937
121579
129372
123683
123073
149824
240908
189213
185912
213517
201193
202558
188571
204354
203342
207116
193342
229447
220136
229216
196583
232210
212068
213125
211072
200997
193622
197790
179569
184644
247645
223586
144260
127008
129856
152167
118597
115511
152619
123861
122309
136733
128398
114713
129269
119277
117435
117161
123729
138134
118559
119963
137482
115052
141443
138143
118420
118491
125006
114846
113145
135498
117066
143213
132436
117884
145359
162276
124071
140233
139308
120246
112339
130675
119713
127560
174663
115701
189814
209313
202956
192837
205031
221518
123533
122569
116207
121664
143347
153217
111106
150885
145610
120060
111291
159498
140225
117658
121149
133375
111501
116201
139183
139551
121789
161161
145325
135131
152662
121582
119439
139321
127662
114276
147271
238368
125909
116208
121411
116843
114647
145667
134784
119446
144929
137697
121027
116079
127160
125731
139011
111400
133347
126883
124252
123075
127038
122465
126331
182557
129313
127410
138116
156489
128850
124694
137247
131274
121341
120664
130724
135420
139247
132428
129532
200575
119527
116033
110542
114130
120955
156387
113623
120040
111538
137387
122389
112149
127621
114043
112348
249554
248660
244108
225496
238786
270773
230266
205796
295945
228621
136227
180188
185494
185520
190563
181176
178460
188338
178125
219428
221029
213451
209150
195340
203669
216219
201143
202996
204470
191323
187495
202978
203246
192830
203226
227139
207845
210005
201403
200212
185403
185300
201286
188648
176559
173163
184661
171049
170643
231434
183188
207500
226983
189262
185204
168275
203036
232107
192947
196713
211083
196184
172556
208757
195109
196277
199994
190120
191023
210541
193494
196110
201988
194583
196049
214243
195422
194698
202937
197238
194336
199452
191641
193203
201114
188838
187974
209417
174970
193985
193642
192626
199783
194016
193591
201331
203419
202438
192615
200954
202618
189102
189407
203574
203907
204515
189483
225710
203436
202904
187626
193905
188266
186282
198443
171270
172013
151196
145401
185999
183171
156156
153498
150061
160135
189139
184335
196798
189979
194664
183597
201661
176833
161278
149434
151233
151192
194811
179929
174934
182508
186079
230539
198130
203692
195721
187277
194600
187700
189368
202497
187503
202668
184827
172183
178028
180321
161109
193251
208724
207792
193807
185423
187151
177011
185437
219988
177707
172530
189413
183316
222160
195869
210153
206013
216972
193281
213069
209136
214622
214455
216783
203130
195709
201692
196143
197130
226402
198884
190015
201559
218714
196272
188408
187507
202230
192438
194213
201178
222272
201023
194398
195453
200807
187458
188769
201256
197905
197508
201951
208958
194345
199025
197839
195926
199029
211815
193388
203338
203066
194203
196760
189552
192309
202791
193646
202129
189628
187613
201054
202492
203854
187364
188518
194061
238494
194165
193147
196158
199869
187328
199050
232714
220538
163969
113515
112976
105638
135569
112259
115063
125734
107541
104920
133285
106105
104619
181157
202896
163583
150283
146076
195791
195653
194385
188112
189623
199633
205847
194010
194485
196205
209427
190434
189353
196152
195114
201838
183216
205832
210870
209190
208424
201005
207994
194004
193835
213335
187910
190934
201765
204628
210702
201193
189250
195933
197345
202050
199284
187053
200631
226428
195124
202208
193785
194973
204940
188767
188466
200655
193888
231897
177759
186803
186517
200213
194370
193492
199957
185954
186368
194896
198936
214243
205971
190687
236520
223835
175385
202639
226872
195346
220524
216728
187960
202083
195815
213128
209640
203683
194531
195854
201159
229210
194916
195488
196021
197279
203505
191066
188048
207886
195987
195273
201612
190131
189263
201892
187159
186980
210637
196579
198037
202532
192709
197081
195848
189668
195136
198731
196364
199542
205306
201203
198426
212649
209392
189023
206631
202423
200925
203068
202690
169220
187011
202718
187459
191619
204732
203702
211328
210331
204920
151569
139787
121458
114312
113323
115775
138035
118570
112449
137267
124258
113816
138547
129684
120773
115071
112137
109888
136667
113269
117583
119837
112384
142553
136511
118465
114235
114127
122523
118682
119100
126365
142849
119088
134656
135649
120444
116388
133632
120665
119935
124179
114705
128840
121104
111942
142297
118444
112312
140428
126284
115635
142712
139920
116255
112536
132936
123031
115833
108737
116634
135284
115439
114944
111664
113609
114681
314316
293684
284645
271893
262303
259162
241355
236599
244985
218989
204800
204557
202739
202902
210036
241716
258328
280046
307613
307685
313076
290350
357963
297910
280305
276655
332825
234093
236324
288642
234159
207635
204806
211072
262884
224207
200555
320264
185952
266390
186656
187276
199200
189459
201413
200577
187652
188209
205793
221093
201957
201306
210735
194869
194358
204797
194129
194529
201650
194810
195924
202886
200641
199592
202233
206201
197814
198391
190391
209167
192832
196527
196165
193988
192090
188456
181087
157873
169328
157584
183191
180685
162000
149966
146940
157845
150466
152946
151271
181073
149017
171675
185755
176322
218070
121586
103096
129604
328872
300646
377918
352697
306397
260608
244395
275091
263275
252499
224577
214024
263463
245637
285641
201830
196991
183368
184256
217672
184130
185416
208491
195663
187412
190460
179241
177529
168075
176417
190681
185035
178252
183263
165297
205502
216351
201652
202574
203931
159822
163465
154746
186312
200258
181443
181996
191886
197853
196793
208269
174676
195474
201368
194698
203890
216901
200336
167595
170942
166932
177226
174272
203019
220150
194138
191028
203323
189451
188461
195038
188916
207439
186568
189612
202208
195471
193180
206579
190436
196383
203770
181904
185918
189442
188766
187911
194051
188677
201374
182756
184480
196746
194789
188414
192579
186310
195059
197903
190686
187816
199292
194622
196392
228384
168995
203039
189165
203831
199304
205874
193618
196399
209103
191891
193732
202036
196217
193337
201762
202353
194109
204501
187357
190200
196868
194408
195427
194083
193212
220049
187227
188004
189834
198466
194301
194395
188356
188506
242005
164479
192397
201388
200472
200491
188082
186102
203388
193647
200286
202791
208126
195427
192515
218982
210392
207479
207369
202675
164426
188948
195769
221724
200742
180995
181108
173049
164129
157872
153286
187948
200244
189660
205442
177085
168900
166783
164245
193542
212553
225608
169074
184532
182264
203805
198858
200360
187449
198752
208064
190716
133756
120052
115890
126454
116181
115287
200661
206020
188588
185343
197283
162415
153069
161981
149190
190038
196639
181950
185270
197427
189014
199642
203077
187106
209873
188970
193798
167690
164673
162190
158301
159143
209221
181669
209774
196413
187391
193797
188982
186748
199547
214492
188143
182621
188348
173677
161517
161936
169883
186942
216958
160284
183375
197412
205892
189050
189667
188229
207684
168430
161394
162770
169486
168049
200014
176072
194736
201285
188175
205874
195710
202113
191823
207496
189244
207945
140056
115185
116486
137332
109614
113575
138026
119818
112574
207638
118358
107046
121770
117085
132265
148410
143921
167735
201012
214642
193898
200312
182010
165665
189465
172934
184469
146638
144348
111626
137817
116985
105463
132695
111347
104408
126147
122276
111318
171564
149507
201042
166733
156863
159506
161457
184761
168806
170590
195932
195499
203215
196127
199474
226640
206503
187588
194535
196431
169977
165709
156843
161127
160990
161345
203057
194694
187415
193581
192536
211793
188686
202621
187469
200897
175619
174845
166162
171958
158422
154992
238985
185172
174318
166097
108498
128511
139116
116259
132640
194212
157343
154582
164799
190163
189542
195889
187900
188135
216954
177704
189999
182380
182350
176298
158691
155837
158088
202656
194387
179425
182717
187888
186842
187566
210594
203995
187225
187091
186470
197151
201907
170104
194429
193475
193124
174139
184301
184674
185924
169111
170525
173210
191249
173021
173788
157785
161319
121701
113582
142051
118202
196071
199002
194853
249723
317542
299970
396153
357195
299997
379577
376022
351497
262528
273263
317295
263990
231335
256262
256431
213739
191318
209000
202189
185769
181596
197111
186929
178612
178420
164884
182013
196878
173570
213288
188429
173446
180624
172847
176326
185243
145320
148014
117711
111222
130055
133673
163404
145072
151070
146466
202313
187764
187798
189336
189931
187441
199641
194804
190301
184120
173862
159015
158101
164535
170213
163015
164845
195809
184937
185772
173019
161214
160845
165594
186692
167949
169988
176883
160868
161875
162664
173633
195829
175635
203821
178444
199206
171998
154322
158006
165321
166796
165242
134959
165969
139972
122718
111548
107110
111265
142602
149262
166711
170216
204966
173386
195984
171483
193736
194645
189394
201104
178676
171300
198076
195511
199624
202535
211284
195387
168082
265896
179390
173935
154405
167195
157539
169972
161077
158475
173555
204096
172499
200479
173908
167317
164730
167550
165921
229244
189341
154757
155280
173882
196766
159499
156096
146680
146938
116603
117282
109027
112308
163494
122737
139925
117067
114749
104968
187930
165156
170866
155104
172055
164487
167916
184586
205293
184966
192181
192669
191332
204854
192147
237842
169514
166235
153719
160214
154242
201933
180375
196658
175551
190966
178731
157749
157576
155442
190015
165157
193389
159776
164938
169495
184205
236051
180844
185138
125132
121663
124368
115638
114793
116168
115422
124869
136774
134929
117222
133578
142571
137509
162142
188666
174425
180398
195810
192213
175076
171967
159226
167611
166707
153376
183947
234391
213784
147322
156647
148033
185738
170885
175501
175005
165690
157066
156847
155134
176921
168508
157457
149461
149131
198108
188225
192806
168314
184728
165261
158203
173191
162196
179597
157859
107440
149627
135901
117633
132101
112460
105994
109153
115793
143360
156733
174275
160593
165232
162607
161530
195571
171076
180485
194691
176451
162489
160199
167219
162511
151026
186348
175319
192846
178265
160889
153232
164647
183828
173379
174933
166146
162450
160502
159500
159507
184004
176825
165423
176823
170371
170673
157367
163488
207393
205788
212415
275690
191607
188071
137770
124727
132096
116005
111969
110097
115543
125000
111329
124326
106629
203543
201545
211407
207687
210239
264923
257507
184413
173873
176633
214460
170045
194953
231027
184309
199910
201737
168836
174652
160191
159451
167785
185059
172510
173275
164579
198714
208563
197685
193939
186884
155252
153543
211630
186204
184763
197157
196012
201897
210679
168854
167522
119062
114507
134974
110190
104591
143111
145896
154521
155001
196186
196626
187971
195942
194729
195229
199353
206245
202583
178949
206209
195493
195457
210602
193022
194957
202356
194837
197440
203634
188793
190402
214423
206754
201892
188111
191251
203927
199706
199955
224737
193245
191332
186876
198005
196714
196952
202454
197795
188631
185066
139336
119079
144798
131741
106841
106350
144283
141353
152447
169519
199523
193972
235066
238123
268841
277937
330515
278438
285864
232076
231607
235256
230245
230837
247976
224278
216217
191965
281261
179370
171456
202840
187949
189759
169918
165411
225476
177108
194358
210477
161392
191900
182204
163388
163471
159851
175222
172781
154481
141035
113266
125551
107555
107256
118656
107422
106536
105089
128197
117211
113882
134207
169663
162018
185581
177841
165332
169790
153491
157015
159051
166046
184031
170049
162438
169793
183911
164578
160396
169411
180551
178032
164357
165363
173141
193196
183606
165048
160093
180188
181631
177317
170221
175724
239520
166548
165639
178714
188280
168096
180400
233013
194940
137505
140536
137669
117131
116086
131928
107602
111139
137435
129925
120920
141840
170900
152357
179266
174555
211001
247726
311672
222355
215649
212022
266017
247148
210514
193949
191037
195571
194342
183652
188288
196433
187092
182262
193683
191029
175589
171450
188678
173332
170466
229727
186523
205486
214083
166929
159107
167256
215169
181288
172100
162657
132848
110371
137158
130765
106800
122430
114097
107190
135727
137141
125143
146145
177042
179897
195785
201578
203130
242702
193549
207949
197560
198168
187696
201481
189854
187487
191905
203897
163455
164159
160874
204099
199518
208678
219087
195198
200946
187433
193971
194742
194049
199246
205242
164120
204023
205703
254472
300018
311617
240660
216279
193312
134406
106138
118789
105766
107556
129088
132332
187356
237356
251153
240029
228942
202918
222922
203900
224439
239339
213301
207592
184357
194120
196586
177018
181207
191231
197373
195683
190478
189454
171523
171470
204405
177542
191308
176690
180397
190066
182010
168254
177447
184518
175238
172451
168906
171644
171433
175644
192135
177854
227359
190792
146318
131557
114254
104219
105057
106162
143205
195534
171468
190932
178052
225501
214141
208227
259075
293831
392450
377598
352670
304250
339141
276923
281363
256669
293507
249907
269129
256439
245025
221171
226901
200086
187840
206055
205771
199296
204874
186933
232725
228003
230274
216265
178454
178720
157532
143348
139835
131309
116014
140626
117376
113913
135423
111288
104801
138835
115571
126632
186163
186131
210452
172300
195495
214559
192629
195575
202412
196235
196885
201386
197181
192180
205593
206697
184229
165406
161785
182677
181396
186619
224902
185410
273751
308935
373585
354121
295418
384093
319791
320521
388029
357833
319747
301155
171671
168593
125664
115552
131557
109129
111243
127733
141033
144151
191959
219537
216216
206115
197305
194592
178741
191182
221612
226165
224255
205865
198116
195825
173245
180603
188029
172513
214671
230320
177404
201131
215041
206203
201511
208067
245287
189226
194981
186020
188167
214302
191193
202720
218696
190426
190013
204149
187255
172435
154621
160486
119760
167558
135663
122662
134218
129355
117986
129906
183627
226313
250413
281550
247737
269050
251616
210724
223447
196782
181129
176213
167617
153902
189586
161341
163475
139194
134795
136146
162050
182082
132835
218739
156735
153178
132793
129444
138727
125397
128535
135330
153179
141665
114319
181774
127435
123782
146682
132056
121523
147230
149404
142526
127703
136690
115365
120452
126290
114379
110648
131236
114823
132790
132514
120823
112546
142600
121891
119676
130045
130880
235778
121824
155609
138773
114815
124622
153981
172263
140331
134371
144001
131346
155010
130259
123963
136183
141915
127176
140384
194143
136336
142303
134133
140674
122626
149320
197599
140668
127947
177696
140753
139738
126866
124644
129781
126333
142375
151457
150154
138438
121441
152427
118779
123518
134985
152878
121335
130007
117584
128561
158106
139228
132272
128763
191199
140339
130176
132245
142390
211243
219866
165615
166629
175555
144713
143448
167768
153999
261453
148935
123387
125123
141442
126701
123374
179644
149486
143615
124789
163966
144255
181363
129772
127062
136166
180590
129858
127612
152587
135653
130088
152017
147660
143977
183408
141434
162439
125964
126640
137000
113822
113051
118595
114165
190050
138589
115904
117738
141720
120470
135620
149423
118352
132243
187360
131561
116947
135539
122256
119152
132354
123505
140299
143727
160295
136371
130250
115454
111132
130403
121618
120653
204682
182954
190124
181392
175634
162963
172539
172322
151805
139795
178437
141645
133552
132342
158086
138242
198625
142734
176537
129900
123365
148928
122488
113337
124022
114747
178372
147904
118007
116904
143827
139490
109218
119026
129185
139078
137354
116719
212327
139470
111298
106706
141211
131032
128554
125200
130942
128647
127784
112728
128921
117390
115529
120038
122310
119263
146368
123658
115188
124495
114524
116387
133425
115983
118070
143484
138474
126562
130061
117976
114715
167580
121883
125262
154640
125633
157671
147029
150789
135740
134003
146412
152267
117485
130907
173511
128595
112482
117902
177659
115740
109816
127873
113109
127494
165867
123779
109030
106667
131571
130505
117994
114920
130719
121542
166364
140385
124555
126080
135505
233420
140867
120211
114749
130997
139254
116778
130365
117710
114685
132144
116890
117023
133948
143364
140118
124276
154459
133107
124292
145358
141535
146128
130922
139627
138029
132871
131423
129664
126967
123550
138847
116864
125206
168681
135544
113988
110027
157343
118785
112147
137239
119159
112356
182990
120190
125758
134251
121798
117041
138881
118305
118146
149820
173305
122389
125858
110098
118094
131989
117944
129449
119470
116734
175050
120755
117236
115754
130987
157774
114990
118201
136146
130929
147285
129632
117519
123187
141444
167580
130377
122789
140194
132680
150147
139255
187039
127282
123863
129174
121662
117692
135278
123190
140867
122710
151495
169077
118496
115502
141050
121088
118549
205968
220505
113745
119448
140935
122642
123853
129481
173415
132566
143299
139615
155690
126062
120131
133742
124620
125544
137760
125173
124794
161667
123826
122135
147357
181005
123786
126115
162762
195458
154863
131980
138467
126048
122853
138551
162435
132381
126991
157393
129390
116056
129040
138178
120015
112892
120216
113043
114984
157865
126013
113683
117145
106657
121653
111643
110413
141093
121520
168566
164062
112037
123826
114107
128309
110544
116615
110336
105593
183965
116816
115997
131184
110909
112262
135880
113374
109037
127878
136617
124174
132331
111923
121861
128235
110228
135146
111177
117498
149917
122786
117046
126984
121837
119706
123759
123555
118573
139225
215498
138052
143490
131976
128054
136976
156864
121549
110838
133943
150714
124557
121372
112316
135694
121299
109540
132360
111874
111737
191472
121542
122622
122870
124305
115836
116043
117402
120180
143036
179929
141545
122214
118393
138784
119108
130847
131630
120596
122037
153294
122364
128399
118161
110981
176031
121847
119461
141148
137574
139080
119303
158064
210448
124990
125410
177294
133137
130361
185635
162301
174739
199176
166787
133266
123720
144961
112216
109517
173699
113842
112573
132986
127163
124686
147089
142541
123892
118100
147246
119123
161315
221105
138586
111183
109700
126591
115419
131026
149113
122608
120973
143050
117564
121511
126025
122319
125553
163615
132905
166849
120333
135965
143926
120774
120441
178231
162473
149336
127752
138446
121503
123594
147132
164383
135814
126966
128856
141551
190266
123332
117985
173629
192201
