564190
480848
351445
324690
303666
263405
251521
230289
237420
224204
420707
267978
303669
264681
265896
241672
246895
232078
220207
258802
254984
326559
296553
278722
335983
300218
311986
300333
340943
316297
334768
343997
416541
386846
453603
421886
309637
307719
353904
375198
470281
300380
312371
252182
372153
400800
420395
425426
547967
498090
540535
569506
395073
397002
348100
336998
466081
508931
593991
516809
581880
515089
401132
334438
363672
341943
452894
471621
576641
496282
450927
433874
400453
337566
342290
328837
456755
548948
588708
463409
453185
459152
354068
315539
347054
344050
495063
642281
565392
491528
511813
489753
561928
518146
477421
486270
562573
529044
554746
509929
467043
406696
417365
468725
497856
537589
539803
582736
524249
398972
447168
568589
536841
513175
508273
571879
578967
504153
484775
546891
515293
518008
516897
526217
633485
523150
497775
510500
512774
528328
518092
530060
519367
577378
615873
642512
668008
591891
601867
608310
553250
554019
705158
724494
633352
610749
585425
650083
711560
585464
451096
283258
303176
251755
247815
262555
256828
252378
326427
314920
370796
326992
272856
279251
249327
244919
277143
323434
377095
365134
368542
251185
232395
251381
269189
243880
335764
240235
277960
318994
345712
302369
274143
233053
261545
237661
274340
232583
249848
220143
215686
269385
233105
278249
241432
241481
221562
225470
245547
248692
265702
222853
213195
238164
251803
259650
235841
243348
232339
241652
258968
234883
275914
275021
265641
252859
272927
260695
252371
240857
241965
285650
265531
266687
243884
243212
252788
262624
243138
283484
249931
241889
269083
254620
252795
245377
274389
248613
387282
259392
229748
238457
281182
237977
260974
247588
272506
241342
278463
273680
280168
237739
261524
230744
279048
254527
277525
245283
277781
250519
293321
252011
270909
252564
270161
248315
270957
246909
272175
246664
243911
250241
306357
246259
286617
240357
270695
260163
269317
249671
271588
244090
309023
250415
272891
254282
248745
295093
243432
283935
236739
236443
253829
301933
258982
277696
245410
263385
223466
247050
287604
267902
245757
244413
278131
255577
277350
276519
246385
234974
270957
252358
272569
248041
273457
245891
308003
268326
274446
260728
274415
232850
266590
235416
277770
227564
271329
257519
313900
246268
268040
227271
263816
249011
294845
258041
291527
259528
282156
251228
274058
245326
268365
254246
271712
248352
246905
240443
283186
257206
290731
247857
287271
302351
241999
219975
216111
280145
248200
267340
247568
293266
280242
248441
264780
237543
238460
261931
227314
243527
217462
250692
272001
227657
264474
236567
248384
237011
280349
229285
292632
251604
274730
262572
259292
243550
248611
268380
247725
247237
235432
293460
260815
264062
254195
262396
247309
260221
275879
252384
242271
223203
282153
228923
275871
247313
286892
259877
244393
221071
295783
237288
269962
250930
280191
234431
256648
274081
248088
292614
267471
296869
268132
258075
252693
287114
235555
246071
330055
265234
231963
232305
285525
306846
251718
243158
241818
238733
248041
299439
289922
235876
232327
308585
234299
242268
221619
237601
248890
223800
288647
265805
292719
242923
233939
233440
211123
215672
298939
316953
324856
368647
255560
279259
245959
248076
286277
246149
281840
251997
271140
251333
268084
246985
362296
276540
257517
255255
246611
363999
311358
254750
248157
254444
251296
240127
252856
239948
244743
254230
266966
251169
236221
234196
264358
247712
239045
309005
278654
243453
248589
215960
308066
255876
258930
655149
635693
625376
671581
671363
608741
785109
659137
641481
641012
628643
628237
613918
775343
732857
650593
635508
632429
619096
813181
662741
647420
643282
627150
619926
620065
742595
670300
644026
632325
635204
743267
665920
647650
629046
754980
663162
651477
648413
572717
674920
663331
626809
636080
733412
575098
646010
673859
602211
568706
567408
610119
524949
522397
537972
526741
633891
604697
603037
629514
564073
565109
602648
571875
563875
626813
563136
598696
627730
593073
684063
628893
586618
566789
591954
595911
597030
627208
611277
608689
585870
601544
597163
580297
559280
541440
545065
607201
559536
550248
504303
415462
417314
408394
436511
416428
286438
267714
254998
256583
253067
248320
254944
246018
244885
249813
277633
316172
280587
263095
277830
257499
281547
255427
272836
253742
254881
269640
248422
269833
245218
266119
245099
270230
267966
275049
248233
269871
378531
261956
237181
286460
256523
265562
250834
267041
244718
266590
250142
279339
247611
273701
253458
267371
246538
267882
246710
277937
247621
265892
249084
264264
247186
268260
245766
242790
244082
241601
240687
226996
271583
245080
240341
234167
358546
240504
255045
274136
251164
260232
250882
250460
253034
241278
342505
276575
359810
338460
275456
267471
253095
245622
286009
274485
271237
256514
285351
271583
254785
236209
238263
286828
245302
259496
241231
263251
257538
261841
254778
256727
291570
252260
238564
280745
281665
273891
253363
241208
248814
239529
237595
253327
233536
224599
275916
247606
249540
243998
430361
601238
523657
275132
272393
265319
232521
272487
380804
412186
409937
385988
442528
409188
366373
378242
345947
365713
351603
349974
357321
342132
504205
364915
351872
369002
328295
347615
357455
389219
389114
358992
352237
378751
337442
363166
342866
366682
353762
328465
336729
330101
366318
439740
386129
339022
346279
346939
322313
350520
334921
353649
348096
329189
352523
327258
337177
324237
365803
351877
334985
348729
328649
368594
494677
354281
365479
369563
385760
367991
350481
376557
364029
374634
366531
355572
340055
316156
336641
315724
340882
323137
349917
356952
335743
452330
449751
368588
296815
302106
333848
342263
320508
334700
340461
385084
353690
287887
288444
390584
317984
317745
308686
302302
305694
316691
335410
363328
345647
318266
332036
316465
335812
324686
334615
329066
305959
383551
340620
337831
313268
358703
347275
328713
338784
321784
359157
336317
358631
338815
312404
350152
345232
373059
356358
329858
345106
330644
340209
375263
346141
332894
369293
356770
340902
377947
362016
362544
363394
364438
353829
327978
346089
330339
347394
355022
337899
341303
355980
337923
391412
355478
343979
334300
355050
335646
314062
350033
325323
350189
423968
343347
337689
346719
364908
333687
357650
346979
329412
350084
351985
381182
326179
343658
354605
367078
382977
357377
326394
339268
352338
352499
331134
317453
356095
317436
343464
308836
360324
364821
308682
302423
325964
309632
311106
341870
308772
321870
319816
331961
337257
317209
405178
355420
360453
323701
355422
345793
328846
311818
307560
323713
316946
404316
354480
325238
351662
312592
369892
337740
368919
365855
331679
328412
379093
354546
332008
352888
344388
353070
354610
338927
368450
344631
464940
512138
433628
317723
300661
338836
318519
307691
314335
355303
469978
353477
342638
418058
356369
341487
321785
356208
326306
355799
355628
389307
323284
379563
298998
296980
298236
312177
311824
325113
320318
424289
324083
299932
352019
307582
328262
311713
323520
328848
325232
306075
338500
302471
287521
340093
305343
327335
323234
345309
329422
315990
334966
351020
327514
317747
362202
342785
344761
337177
337138
363870
336702
481516
370808
341223
394273
355905
355375
343010
337588
365791
352499
336912
376517
344675
365970
335794
345146
340044
351012
377353
345498
362675
414813
323473
314767
358190
363608
337527
353804
343219
326477
345596
329271
372192
338967
356857
360386
341096
362779
336646
363700
354207
332628
493508
358328
373987
396747
347927
384309
358952
373576
345753
342766
259727
271891
255848
242835
240101
273383
252358
266623
231265
263212
230893
322422
370155
369744
350725
325401
341655
327282
357283
325806
383746
354227
328651
330320
302863
346101
330013
346302
333478
353157
338266
330469
377933
476898
354591
316469
337292
350477
323231
356828
358264
339542
340849
329470
385238
362052
344287
335942
321169
350497
322969
363576
350903
360751
470049
329867
344329
356165
354095
348618
339939
375871
355343
352047
342309
352383
356058
321823
335549
336004
343974
357352
319206
330023
314389
392767
365598
355061
324112
328216
333038
324048
349087
337054
397507
362880
363158
346414
304307
345639
330562
382106
363363
347016
403488
251833
254672
268993
266723
238497
249758
273148
255604
271877
255033
260844
244465
423267
278336
241871
245205
305913
304399
379466
327255
308381
329194
315821
322877
365035
340834
291489
340308
319758
333671
321331
370434
343769
324647
333105
377008
312121
298028
338562
318463
333041
328161
345547
346002
352425
416368
351886
318202
307516
356543
355791
320332
324151
312480
335446
334988
417973
347642
358992
315274
261420
244530
275585
257700
249945
232144
265101
386760
357229
328037
314888
393420
329626
329043
330097
321122
337028
329702
414481
346957
319454
326225
357614
347326
321463
330271
329236
363498
468467
345621
336302
335385
349874
350025
604551
364970
300624
295097
360157
282930
232248
265970
258346
234560
267554
232298
246837
292870
326548
309386
399675
373335
288156
290273
299385
295090
349354
322936
332935
321314
337194
417165
352956
308272
280986
255508
261415
248375
233088
245685
228608
259872
281769
314687
306603
306797
233857
263555
298440
320556
307516
319605
317165
419863
403045
293580
288437
307634
295734
365678
320154
373860
321491
427497
454951
419062
374721
336139
324637
397777
335084
391641
335134
427684
374737
355348
373968
346328
329420
328553
323568
390618
357797
373910
371286
369561
356129
313549
333108
319323
351609
339349
318589
319717
318463
324154
358389
342893
268267
265915
261502
323139
317820
424159
413100
429057
605448
402552
416269
379614
397201
490578
444455
331912
352253
352673
342335
374863
346239
407240
357987
475392
398112
354282
332746
352744
335154
378314
349411
426105
372454
347672
393809
359704
355494
324894
313703
332763
321111
365877
342962
354361
469055
343191
354027
334077
356388
338646
333703
324923
313087
346157
319049
322360
309186
296952
267401
271953
245793
259250
231302
246005
244529
255346
292200
402788
346221
315064
403745
377670
438195
493673
579730
537204
547757
577245
536767
512489
522927
592893
590261
536348
481721
604306
569616
570712
585786
594335
610413
592690
565643
576770
633877
561859
565149
622408
582096
601489
633884
571975
565437
595776
597506
594187
569758
538197
563767
430808
449342
343553
340463
273279
320583
275462
274453
258449
251799
268247
240377
271527
252530
305983
287920
344616
328081
338011
328771
345521
357707
313001
353051
300823
321049
288210
309309
303552
352068
325201
350136
336565
442454
375934
336813
251175
249571
277328
244833
266602
253589
280770
255087
412893
364097
264247
265047
273665
254291
267892
331622
369049
368683
329202
450108
476357
332875
316359
323508
350329
371807
339458
373842
330187
361890
346574
288195
296424
259196
250117
297374
248103
253692
235560
260141
239957
331108
316396
336048
308493
329683
331690
313108
319342
310960
322637
322895
344582
311421
472574
345467
304731
329572
315781
337353
323847
344830
456983
345940
382571
329062
311236
337159
320011
345091
331742
344898
356826
356905
355666
338316
352890
333988
346367
343715
328961
364846
336115
395207
352589
305665
426442
349977
342878
338930
310856
382102
331711
321257
336147
318182
432748
317974
253958
273588
237780
250244
252044
254004
319932
363206
328174
309898
291257
315218
316049
277065
325941
296427
339788
311076
333250
293677
325240
311399
319082
318056
325456
325625
312254
322013
394501
395484
333439
339543
335814
331223
329246
323485
332126
303057
348232
401770
366679
323935
308794
358745
329371
368779
331673
429977
343458
328717
379185
321603
357356
327103
347272
361678
331071
335068
333624
398095
520175
365527
306295
294539
260671
254048
257306
243458
254431
230900
222722
417632
445347
335187
308881
307851
329897
305216
349578
340021
327454
382796
357545
385454
312290
347518
337209
352214
336881
319829
384289
337048
354026
378410
355929
362332
318417
327504
344543
367725
343904
358417
369672
304965
264383
257722
249201
249251
242406
260838
246600
242392
226306
244351
244158
245524
253150
229465
291609
256600
284462
256007
266172
336506
379386
372356
345626
329245
236740
252028
263558
264648
257381
254695
257848
244819
280728
295129
357202
284082
305032
289631
308058
303415
369530
306765
347419
328762
361186
373230
303784
340722
319698
311817
315656
376387
326991
394518
343845
374397
506551
365299
306181
319238
309575
323466
323400
325436
321522
445764
362072
330119
335263
324574
338060
348775
320759
309748
307886
310772
354408
319788
314698
312469
308509
361769
355880
331447
360373
337151
352994
362937
329935
333855
258003
284990
241193
233798
248248
236591
275534
286868
331448
336741
334590
339238
331337
352559
335965
319537
358232
336560
373283
350822
331116
351516
318176
343851
342583
356461
336708
321036
322022
365199
332878
353610
337325
328004
310675
345104
346215
372574
343291
463693
379750
333238
351366
338951
356636
351933
328183
363421
337117
340093
369138
331676
326464
336462
358350
339617
358580
363113
345703
378009
503945
396971
311009
279320
252504
254132
250373
238951
233064
250699
231970
404705
510680
367163
312089
324182
309108
330619
316487
349743
327296
321773
358329
323494
310907
331466
327670
302610
347379
316726
352334
346216
394608
330350
314254
317179
303325
319736
332970
367019
356058
345431
347856
475729
374579
443941
335879
317710
389335
342569
366815
344419
426104
484757
390370
366610
374444
344802
363403
337174
356651
353339
399530
360829
363572
344492
347031
290547
245819
260052
237944
258313
232123
294128
273993
316190
328115
323785
308818
348051
415106
367922
371014
353734
378498
383560
350451
421872
391351
398610
441285
448151
449022
493393
510305
485425
472121
463661
571536
540651
537198
504675
486719
496489
562413
666201
540657
520658
497031
571173
597378
613549
610639
596737
471452
434057
532470
500436
430247
401552
454601
435252
439253
392905
327543
254252
254190
250158
244257
257264
283826
258501
247226
301029
292660
347227
337376
315616
314709
315178
316669
344866
512434
347019
337360
363388
314548
302946
311588
342646
341945
323101
347830
352929
333409
352236
327358
346871
320431
338809
318449
354900
338756
322557
323844
400438
365256
337033
350866
361515
340646
378760
347987
352300
345001
326837
367772
336963
382937
343901
371085
356554
320439
294041
274032
307132
245926
306526
260841
282390
262131
295010
248320
300089
247809
291793
242303
282224
267132
255106
289251
317558
306547
307761
334125
380581
349498
364874
374598
390391
352082
320619
339689
347418
354711
346886
345667
375926
339564
364361
346658
307321
315277
324765
355643
347231
360764
339407
329473
315748
330196
320029
302702
322012
309548
324279
327443
334626
324418
313976
328057
357733
350515
317495
336791
329121
316089
315273
306292
336705
331087
461271
285244
311028
277170
250668
244887
264693
242993
252252
233091
272041
337283
332988
314304
334254
344002
332438
330802
331894
335386
355395
386347
391432
370390
372073
314526
364542
330495
327359
392358
355736
386872
434002
365753
347624
333182
394089
366008
346685
377262
346148
375210
388332
375266
356169
358958
357857
342109
326815
335960
323010
330300
348221
465346
362415
347661
354666
386371
350350
366023
348360
372292
388932
390265
443910
382847
295820
278274
264909
265903
255459
242292
264289
243771
339609
326446
425769
329523
303800
313817
296522
324571
316326
343685
330397
415572
335843
295286
330613
317626
357178
326250
357689
334005
319487
315221
319008
300222
305717
307076
291863
318291
303260
325892
307378
335933
350990
340738
324884
317312
349069
310314
311875
307655
309579
300862
326361
346773
411370
354555
304150
329841
314473
316212
311540
333377
325046
357780
466665
368831
287830
297629
258236
262178
257542
235542
252355
252912
295165
358905
323088
289711
310176
292454
406263
332957
306736
313560
299596
294242
335985
299366
286954
281434
296694
265671
283325
282020
292589
354903
313291
449761
320535
348330
307923
361488
331465
374744
337657
363317
356642
444618
364442
346343
320633
391165
335077
393707
339405
421837
356001
363597
373419
389392
400779
349570
359404
360980
339413
384398
370683
410749
474859
374096
283008
258026
304738
257298
255672
241314
304180
274067
283314
398274
340210
352456
343085
417856
365172
327302
393664
349118
394132
346396
403324
356520
334737
349603
331815
355501
343230
328811
337597
331995
507332
360299
366717
357162
337906
380356
366675
371957
364220
322399
266852
277478
278239
270465
252429
244831
250604
269992
253664
260248
235814
262455
354781
288390
244322
305101
253301
345496
327101
364257
353842
325256
354595
336574
365079
267192
273350
258993
273147
252959
233004
248077
231057
296160
345910
373469
349337
327531
371350
346106
394361
355267
336202
403386
353499
400978
332155
334699
328490
309629
353299
329922
350121
339723
333204
487618
346741
358026
345687
340363
346391
331880
378257
372124
327262
350569
375310
367410
348188
363532
343221
326620
361968
336638
376631
350893
465601
375419
339202
345030
360099
348847
392191
360323
381217
362748
342354
376774
333780
260036
257654
255202
242563
250936
237531
261516
238084
297767
326908
334535
341601
342672
324719
343683
331464
318730
323083
320975
359535
356713
351853
343629
355096
344966
338702
367212
354852
366849
372123
348051
355983
349396
335867
339812
321982
362689
333760
353749
333939
344780
361921
321493
384197
335297
343495
329262
341177
333572
327610
331194
431346
383923
354284
337221
367036
355090
371157
360737
336245
359815
363045
347902
316696
254130
240681
259576
242146
252231
238829
275330
270970
290390
372266
317296
325554
289628
288698
340380
314513
309331
313119
342992
338131
341367
324992
314241
351321
327457
352622
348274
336276
332621
321071
487771
401385
348549
342889
336498
396048
351242
327612
390355
335424
338264
364238
366155
337198
317916
328550
325338
340525
327672
393580
370924
486691
353451
332796
369536
348741
366833
364276
346911
341130
323263
361707
377674
292337
329155
258036
254108
257970
225518
298626
238544
269745
274284
406194
400463
370931
325964
315947
320835
317754
323338
323081
338001
350267
387511
368065
373832
338947
397268
361802
335755
370903
333901
374103
344852
366275
321255
381213
352808
342650
421402
404198
389089
453098
462301
443782
423456
522158
511674
478564
486457
470152
512180
510071
556267
524621
507601
591458
588359
490351
493360
459603
427817
536501
354356
291554
259286
313879
239036
279430
252090
294709
252314
261961
378537
381979
319197
338429
336372
381358
355581
338089
392555
332493
342236
352568
350175
335441
333406
319105
307967
315682
318793
332378
333227
464511
383001
349129
352509
338818
392272
379849
348870
358677
340311
341548
376710
345977
355229
361600
353122
344299
364891
396549
319330
370821
455601
460502
366596
341437
363022
352850
334253
365026
342076
371907
341452
387648
347034
263767
300141
269288
310897
257583
268553
246829
311464
344129
306048
309398
309484
320060
313455
323877
312175
334536
357211
346383
460449
456931
384565
347439
355062
343359
317069
325774
320110
337178
334293
399332
372784
370737
333602
399756
353020
338602
370369
351629
358480
447834
373608
371427
356004
337693
388449
366921
377972
367732
338803
346652
390873
338411
319518
343311
327760
313027
316261
325384
349370
341050
475379
332130
301439
260530
255221
264420
252390
255098
260477
239181
261340
296349
325409
333658
354735
337993
358150
349307
327529
334520
319091
331314
495664
487178
363622
417828
337730
374634
335232
416083
356144
337913
442052
365728
378095
383134
353903
336743
387028
345993
400551
371972
358339
351511
338060
362794
325120
346550
352997
346602
351354
342238
374326
474706
417564
376891
322839
362421
347037
330191
334922
348953
352043
326790
361303
288773
282515
228389
291113
240959
291165
234656
286686
245461
301372
316758
324693
332533
332281
324803
344011
351985
327320
347627
332104
337882
387332
351202
339057
315811
311835
330845
342790
344712
377786
386339
448685
386597
322366
343410
352679
365123
353039
340327
368016
354191
326908
349588
313504
334980
319514
318531
319638
368483
358654
387960
355375
503262
491095
410915
361378
361589
347580
330749
358668
343379
372387
327392
342414
282998
373568
275749
304477
245955
256743
241504
258895
246296
248364
398405
304204
273867
269954
323816
283690
309811
295416
328262
313321
322443
344686
315308
300924
322073
299731
327041
317741
336041
325580
320434
375717
361935
344199
345772
327931
331172
341105
376077
345302
373159
354015
364829
317700
317646
351731
324367
359145
359456
363300
352680
336473
338532
374093
351098
340909
327673
325214
320016
359054
350813
366580
390776
494356
363352
312847
258277
248113
234070
222456
275464
230391
309385
265215
339969
357665
395654
388541
327788
398395
361899
398633
354060
348086
355184
383535
375725
340803
336654
350323
337209
366084
358781
376325
368920
380714
383308
377893
332343
341367
339476
336912
337307
319330
323594
236486
271239
250823
256837
263688
247490
256667
246067
247169
268319
234144
245022
339442
266429
233566
282355
235850
341039
334522
357847
345245
392441
392295
504986
348427
301656
253377
235498
269564
255958
285691
240482
282589
245958
415643
312556
377640
367604
335214
365472
330140
392256
377435
344986
434708
386301
380429
380486
348089
366272
347435
323360
341677
331650
349742
426858
382763
381562
330782
329358
316060
356210
338374
360339
346334
342515
333868
324590
339281
339298
365139
363406
338771
378294
346975
338964
473293
392453
421493
353138
360264
344926
334615
339710
327121
340502
335363
405186
283123
298722
242582
270980
245371
264687
229186
239508
261229
253998
392775
343722
350439
344470
328255
352609
326897
368481
376270
315949
330679
355945
346288
338641
330098
321535
307512
331449
316536
367012
342844
489654
409627
329685
330183
351552
342992
377283
357826
463036
427228
406863
414922
461870
453995
548290
515168
526653
562375
507053
536800
587759
513025
529325
501765
496814
491124
583806
601112
492175
572256
363071
325829
282080
248935
251974
243324
268179
312604
346532
446771
415981
535948
596519
622285
594591
592748
628652
590866
705034
581588
598700
594249
631696
593451
605214
624822
610215
593825
632640
625170
626442
594131
598122
633303
617978
592840
599116
592571
618994
638347
509227
484035
546019
622552
592637
578170
583804
595207
542863
537846
565354
582409
484140
341595
385286
256103
239282
242331
271936
242311
281867
273467
359765
340031
426940
441151
453458
594479
594822
659887
763788
721844
649073
675306
680522
717953
710595
777131
618267
639632
617751
481666
476356
492556
445065
431216
529491
496852
522692
493804
498042
514529
515640
575586
527711
518023
569234
581931
525116
573008
705000
645038
350047
479074
364873
315727
257243
257601
227654
236617
238479
338611
301289
274703
238327
227368
227122
237553
303555
296480
285874
234457
246276
228041
234672
286676
256191
243926
264504
248711
271620
289893
260684
246693
243139
449959
461150
442079
523863
504203
567467
488163
469269
510499
522929
564378
555148
500998
539935
511670
539508
494525
532866
552320
542711
528441
670161
611934
638791
628736
571639
582950
639537
561429
566147
555470
519486
463975
394908
379008
260006
289557
242316
254114
330345
353096
452257
467013
624601
531787
511900
543229
563977
534460
543353
648381
606404
630380
582018
533325
503652
528974
522912
535928
585190
503878
568486
593766
597580
593322
595712
596561
649405
620689
557250
531667
595191
563470
545621
517911
525144
618013
563289
578647
595247
595250
604929
625911
606715
602911
637144
425111
420730
334724
326375
251147
247682
381081
333122
416944
520091
619322
559953
542000
498125
561977
632517
614369
573472
690283
563306
563495
604311
593014
597875
626924
594109
644708
703496
596459
607763
536656
537065
527787
522350
491521
634346
623703
577943
563883
528575
538494
536165
560816
566183
659475
575273
566420
594462
564144
562378
553408
543529
528662
494142
552465
378184
319028
281098
253099
265291
241145
395255
369853
499990
537141
565836
557677
567751
545532
550032
486429
567687
628476
583017
566379
593999
559951
575682
592024
552294
562018
547764
540739
541759
594429
533945
516775
532626
513026
687027
564465
565795
598075
606911
592106
563187
563428
646991
626460
569398
555010
532647
569958
528638
511785
603871
677638
579837
408351
385408
278920
255332
246472
232342
365645
338904
488327
528832
616460
540589
526957
515920
626284
663425
662253
624082
595564
642101
523195
517223
592580
592533
597221
649220
609801
600358
599859
679850
521630
565300
540870
553082
632629
543168
539173
490292
575128
635881
564466
578380
564128
546016
500257
526106
508026
607220
535187
551763
599338
563841
569705
473006
326985
307745
293222
235587
256441
292577
314727
391014
587552
537029
489634
505636
510728
522916
517482
504897
577812
569711
540653
549835
604420
566299
597563
569333
562253
592548
566846
554226
553864
546005
488337
571149
632575
576046
582274
723670
297502
248394
269510
243917
267049
242580
266984
249595
269350
272888
265804
242949
279947
246106
279167
313634
510417
513043
386314
382673
318401
291624
254925
249876
260131
247522
226311
253115
233589
279726
236938
288105
232932
312322
299775
378654
363552
469660
445519
425149
420375
499575
436544
411078
397444
380983
402097
397779
370177
389912
379655
361498
416529
364065
372101
388041
358627
366575
346844
364242
352878
360664
418408
383778
353453
347622
324359
356539
333671
355655
343458
358923
429498
375959
347925
352690
380044
378021
355837
380444
354939
340576
373801
373046
363988
303570
283119
239517
255464
234034
248764
231455
239976
231505
433400
353139
483044
363247
304238
321184
322686
341905
342461
357103
409986
371079
344407
334017
339060
333387
307493
320473
338833
383307
352824
386984
367036
314338
351418
341558
356356
350174
338626
352484
333810
376866
323621
321885
343751
323562
333769
326254
341681
335457
341247
362153
440591
386223
332118
337644
323593
318962
324991
330729
358804
349561
371519
372155
367770
288562
278415
259033
247972
236007
250568
239084
262270
251990
341972
315985
320382
303761
332397
318304
353274
338787
351376
350709
330471
361545
299658
321751
299758
351129
332603
361193
346508
365007
376108
379162
389287
349850
337387
394286
333575
352067
343704
328272
325756
332522
384294
332921
344277
336207
350693
354566
335501
376633
346488
368403
338565
405179
344941
326233
345172
334093
333727
356757
323599
376690
353021
380560
319482
304567
274884
277051
257835
281239
301045
257422
258434
244145
418042
426021
349083
326311
384402
326336
387619
326239
338309
345660
324919
419641
346889
359310
322417
336878
328441
326108
330697
322634
357687
377289
389280
355199
339510
371607
361410
320263
333608
338946
338407
338783
408448
372715
342071
340005
325915
345959
321365
350390
351454
361194
444692
371699
337144
356143
364193
373243
327873
295907
344413
365985
360061
366074
342469
242234
253471
275547
252294
272265
253404
273592
266107
246660
326990
280267
254312
267626
253921
268457
251462
273599
249130
281163
237890
248427
278378
251986
284432
231541
265627
351686
352130
350610
330583
333997
405887
367577
248731
251823
240772
241228
216855
368337
352867
381114
365680
472562
418346
404539
297369
322802
393328
335337
396857
352587
390788
367049
337857
449464
318621
302758
275878
262282
255885
248314
243649
261791
284157
269173
245628
273296
254223
251651
251244
247102
242044
239810
245691
258578
268386
247812
248555
265207
250565
272263
250011
273918
242611
269455
231808
299923
254647
252738
238978
251051
266213
254068
272141
252578
260352
235503
395345
377441
365527
370945
324694
355356
331946
357649
342965
335936
331055
445751
409092
366325
341279
454336
446327
448629
593646
593887
705923
782084
666126
650133
639674
678096
662118
651534
766165
747089
588605
421723
391906
274819
314606
313489
344320
436008
479146
663970
692024
690272
701051
632888
624933
662180
661762
678856
575008
640037
592068
605022
621538
562603
561689
702933
561396
575779
589744
563156
522766
541657
533904
542906
629557
645784
564945
565461
590793
561911
572019
627068
644460
627450
624613
570885
562036
595609
566297
526176
534347
550059
468022
392303
363490
247620
238280
248103
224811
314353
266780
407025
423543
424335
537230
565952
566957
641540
638351
607442
691324
580305
543993
528728
472280
605974
565310
566428
590113
579161
545044
548078
560817
546944
528484
559288
603773
618170
685506
589285
599539
643238
572616
565172
592374
632201
603687
597553
567038
595126
595660
577045
532625
512752
523451
503165
535724
401998
310613
283640
241174
243234
223375
392229
439344
467406
528782
504438
564210
603612
563050
597686
565710
612866
648025
588707
563315
593839
591344
594054
639591
569342
576907
590033
558490
747702
550111
537273
535258
607743
616079
564586
590809
546116
519030
510018
506934
620748
532053
556403
535508
507443
478831
542681
542800
610720
563021
568384
575747
427616
396237
275182
276467
273955
252626
261426
322850
343832
499071
420388
589823
610947
625245
596854
592467
595618
565359
575590
606093
576992
705660
493981
532355
559262
585466
637017
486784
474079
573207
538943
537607
565165
531675
513891
525923
510120
273149
244915
268608
248017
265360
227680
267430
228512
278514
249006
265613
244936
272605
243544
269097
249895
433442
407982
286819
355426
315761
241004
223581
276443
242905
251770
242982
270352
246437
252749
246459
309945
243256
347434
372933
371721
529923
511429
543144
535581
627502
630938
592802
592593
621781
593688
594639
640920
594216
602901
625973
588941
582669
614788
585945
597461
616864
613663
597610
685197
668283
756572
753395
652655
673020
625087
634114
791950
711511
688540
643072
634112
690803
631675
553753
592806
471404
400787
297534
333134
292284
485054
436125
647310
633000
665869
693815
638039
632401
668434
595133
605805
626388
582768
530825
532295
508929
444598
444062
451889
612766
447999
368584
390845
376704
374327
416541
399564
397654
388355
499946
420362
386707
404857
409987
382254
399795
392805
355879
351176
339757
390675
354264
340568
370024
347331
361518
360663
334903
343257
329682
428410
346748
300700
274518
270710
251504
257834
251089
235901
226263
268667
349376
387815
329527
307405
371279
324826
391975
332471
391530
370784
424550
397814
356048
368693
327519
335874
321708
324286
365093
335483
325815
453496
374183
378036
368789
372996
532880
383922
330988
309673
250714
259934
258714
240947
262932
260050
256638
283458
267030
237126
244179
252535
241270
258239
250230
264841
265024
269263
253321
299299
268308
280018
265812
241633
246245
247336
250191
259372
260708
244986
295006
304269
282518
257975
261152
286996
305153
294660
304096
314793
305662
355347
325283
297202
308423
298648
314261
298537
323537
327816
326247
321205
351587
322442
287269
320737
318365
330808
328584
349119
348081
325660
311332
320334
311252
305789
305721
315524
341336
322996
352654
344975
339933
344384
366001
341514
337295
339063
329083
386439
344396
325495
254313
255518
375213
273863
257771
256595
275696
245690
240627
263036
251468
271557
283919
236718
263500
267187
263046
275051
255712
257034
254332
264242
244995
262560
242346
277305
272712
391977
403213
298015
258801
268677
243935
255993
355167
290094
262154
258982
239749
242476
273408
250524
266779
247412
252124
249743
269870
244859
273593
250121
250326
246532
267723
285702
447371
422433
413050
408694
386297
398085
384006
404931
395271
368110
415353
404437
405545
388646
408417
434554
437905
420559
400516
424714
407414
396788
443070
434373
387642
436223
429703
420963
317796
247623
248923
253518
255045
233750
229742
259061
227946
231388
236832
235250
232614
234560
230347
236706
238197
223012
229973
258560
236396
226070
278012
251650
254979
254653
280903
224816
304882
222831
282775
233215
228835
247292
224987
248026
445800
432788
254212
248263
290528
253466
272706
247685
276302
249340
271789
252310
335187
256490
301331
248770
272526
249304
275885
253268
279827
254246
280326
258723
259225
248932
262106
253958
280590
250100
263813
248938
258766
248113
321178
290190
249715
285700
247258
287523
250846
263942
246518
281864
246297
308546
249734
298610
249079
314745
249809
262697
247342
287508
251310
278095
246551
271035
246883
278481
248196
257134
248586
281719
247638
275560
248246
299037
248407
274023
247813
279386
246967
248205
259985
280664
244684
284295
267367
311315
288990
245926
295234
252883
460453
252868
274612
253613
278011
290314
356757
346970
245131
237078
235165
231123
239453
372339
409846
430752
389889
255639
236409
237149
226151
259913
266490
325959
271841
225586
295434
300757
293569
301184
333598
232345
246763
371153
402907
408126
390084
434784
654664
605456
372047
346548
325424
365160
363439
360721
386690
425731
387944
435458
424272
419544
411446
412616
392051
416812
424017
379134
446026
377428
364933
337711
331028
360442
333523
361034
377060
325276
472244
378320
364729
338629
316915
323812
312139
363942
357622
329206
343806
374069
350351
319290
332937
328712
317507
318302
344741
357750
339717
431002
326110
333291
335873
394584
342002
378369
344944
336031
338505
385861
366679
329331
355900
355948
338552
341255
326062
373066
360458
374977
410054
360310
329447
315376
311509
310874
310692
318163
323958
333177
340267
398596
368883
353659
353913
325808
355410
347910
353041
359796
333369
452783
346430
361161
344950
373585
351229
338023
369901
345478
336687
339925
386785
363049
313056
342738
344792
361578
355854
338277
371882
345023
530825
383065
351166
364230
346200
357985
370836
356613
406221
394739
363133
415048
256887
254096
267582
266204
272386
252817
268223
239380
241892
223989
306897
312886
361337
305131
372807
342810
373510
344012
330439
347375
270898
313419
241335
421366
274513
262618
245703
270689
241588
238317
288105
348932
361519
528075
540743
512944
260580
246002
241320
238766
261624
244857
288707
372454
307667
279122
287370
258662
316890
301424
335308
330606
247819
248569
250884
255825
276950
244743
253827
253081
220459
249658
269604
255046
228166
351467
249878
247196
247868
271587
266753
258355
275878
234773
241364
245337
230635
293922
259551
271142
252886
295524
262885
371848
254480
247278
238195
278954
295940
242868
241018
244683
409711
426289
427128
426486
423264
432654
384283
440466
443538
394111
416323
421973
391977
440381
396889
438856
436559
412212
401392
424329
415084
392397
402023
412210
416121
395721
412447
397187
410739
379311
404739
388773
397721
378887
395694
413034
377513
389818
327580
393358
306922
361350
330787
371272
312452
364363
368651
319370
411875
381034
401645
404429
408827
389692
374797
405310
379772
371162
398417
451211
412113
367146
358522
350654
506223
439151
367782
277660
256285
286156
249739
265953
235203
281831
243262
244176
233880
232971
296143
267872
255993
243694
272767
249558
245457
236981
292110
267334
256381
247244
239735
244633
231475
278021
249738
277821
244559
273547
257430
279139
246133
273821
248523
378568
266999
242888
308475
252165
248670
237737
270473
256096
250941
246156
245701
239191
266858
248248
278252
253101
273158
258410
270887
253608
280813
253140
279795
258954
372768
256253
270335
248597
271808
252972
269877
