729471
555697
390710
372207
368178
300000
292420
279750
279574
359740
318760
337309
353315
345682
263978
272218
246565
253649
278503
286338
377545
483111
427156
444009
404241
408721
441102
478015
443492
501877
471785
479529
456695
534802
539924
530053
360549
365765
288020
304741
402800
355299
337552
264778
364697
303461
364053
404986
300826
297437
295721
310639
302552
316419
317828
416291
458839
324773
299095
298472
288105
307827
298437
431287
334360
327751
436307
431310
389364
439969
576356
519112
576610
509476
469704
488096
554323
516956
469462
451325
508660
565484
632986
536984
542139
528314
493967
429322
415424
534108
591598
621938
644258
521143
440725
370960
516863
491951
579419
631570
684835
483919
454191
650290
667320
688928
695518
584446
604268
445871
431937
295188
295647
270622
277616
365806
466414
555732
421370
390794
321656
334750
416940
400855
553725
677570
593899
500325
513216
536249
522964
498357
587845
607326
640097
601185
607771
559491
558087
627301
584777
579292
619715
557578
572427
566049
533762
607738
583675
585595
598244
610030
622756
572921
569974
589881
595932
583428
575465
624782
591337
498104
473826
349613
323232
271218
270432
289473
282782
324524
369588
410506
577130
558523
645769
636694
673084
657858
664034
622527
805751
757217
536885
538834
327230
277711
317474
295256
287744
282930
297830
263690
276760
277845
280615
491618
462810
702804
482146
436222
555753
536312
559592
499643
475796
474418
698671
561933
571211
565868
523860
513274
584093
568600
601706
763366
653485
564017
423944
403662
303022
285829
275846
282711
303500
289675
411836
550400
583672
561167
544123
540109
586653
543365
774957
653281
607740
600511
568922
617512
581200
593633
601596
630793
547059
530282
609805
565924
583228
585155
619355
1232620
842530
1200914
923400
830747
831945
668752
666231
702760
721831
573318
506436
614786
459441
487509
586535
439573
436079
417872
420692
290928
319500
282834
280317
282296
262918
278673
477191
382505
362599
494743
540588
555519
539708
524983
590536
596829
605763
586085
589704
609547
578069
590148
646068
615955
719015
623825
539412
524471
615079
584581
580067
639555
651669
644644
581400
599689
647248
629355
611960
612861
618212
606957
641162
613473
605785
643933
581283
550109
776193
657557
513879
467519
401578
358828
329697
316959
313025
319578
389156
429207
442833
410834
411652
482851
461576
427698
425974
467588
579692
507900
403155
384812
386725
439197
398063
416455
470089
417577
531346
465821
403405
402918
483683
418287
446637
445896
428555
475538
562655
481343
385272
394655
400231
436608
438632
405298
480300
444428
530089
439814
395555
400486
462435
401016
382884
424241
394587
375645
407300
408009
367794
359428
282550
335148
293068
314714
269013
306128
262625
374884
292774
293541
341713
342445
439722
380102
336914
331820
307521
403529
322437
325469
295363
326202
352139
301836
296254
323740
320870
393849
383078
371793
356794
350090
358343
338609
322125
350334
332051
367283
351746
446532
450604
344292
352688
365070
415841
395622
366022
415717
375374
476414
396205
371010
380092
439562
385560
372612
417820
385753
407285
392051
378898
380078
356956
309960
276129
285373
259576
280440
261606
300771
292109
332236
329492
338221
413647
400261
554756
542484
528678
528001
535419
529988
583269
587257
618168
583530
583775
605829
575053
589335
612481
696371
663897
805277
735533
740077
766834
743762
619857
583674
519795
610342
528650
513004
457916
553226
530527
420254
394306
436330
413744
422692
467510
454347
419900
529005
527961
395650
325912
358399
281056
308903
275117
287135
271010
288920
312649
373124
317910
338024
378813
347897
343933
396566
370600
351079
360239
401100
385304
334687
388208
349683
341043
349482
339840
381769
357746
480844
388253
389277
358980
379849
356281
438170
373978
391837
382762
375115
397897
342672
342310
374127
388670
378355
360861
392761
457801
364210
396491
364599
331660
336064
390395
383634
368808
349492
347369
385578
374057
377874
356214
335680
315165
306101
292171
281481
288330
266276
276974
480546
304500
309252
339556
339433
341530
325333
342308
325806
391245
351108
368382
351851
325562
336135
322015
349653
348655
368417
368362
351299
455403
391114
344532
367488
341438
373626
359949
387070
374595
362838
389370
406144
324899
326087
391080
379313
362277
365720
351293
331785
376898
530170
355222
348311
355324
410035
364097
381895
402222
384193
412884
387156
379280
366936
346041
306394
283612
285876
266887
288504
290902
304735
350539
302419
295654
284873
277331
309381
287412
309166
288655
289823
272053
352665
388367
374511
280578
294212
349355
342079
378687
370996
377031
362329
418127
369061
345684
332063
382004
349357
373804
361372
375474
366249
350193
368814
347136
351564
342481
369129
385307
358674
376775
366407
357518
438255
366535
368580
347421
367060
352795
345709
384771
360540
367067
349941
371268
379217
354993
367258
277152
323200
274869
279759
265758
296197
273206
337666
429637
298277
320192
282475
307723
277916
302881
305099
323263
334365
377325
337665
312729
303721
352979
340449
344790
340017
340797
365524
439585
454894
342511
322861
317211
337368
398941
364774
341730
402436
349247
490345
413474
368556
413285
350570
418096
368958
358371
441208
380317
425017
385856
360887
382818
364293
371436
403599
371440
386571
376108
363254
387776
359541
362247
312207
309434
273040
299494
270560
288691
271931
290328
326890
314468
333417
311281
329270
335108
328271
374589
356966
385948
371309
358072
315784
356103
338897
307316
311168
298046
293579
308455
290081
344075
295831
297629
284483
279147
289641
282310
285989
286536
254574
256665
353414
368319
322649
318868
343563
373135
356507
345763
370022
361141
373103
505318
342430
349072
352724
381755
384028
367979
386817
363524
380724
389907
408474
341843
344239
335432
303644
288841
320830
281959
279189
277268
281955
304419
330527
352841
342756
363669
348615
327509
342616
330507
365751
416883
366860
353059
377372
367017
353674
383327
371723
372772
368054
349450
375689
326659
366052
391859
368341
351477
339644
377639
356671
384060
490104
368980
341413
348910
395850
394094
372908
382981
371576
348413
358297
367764
352083
342963
360063
352054
363778
383181
376800
361468
389470
462910
370068
347149
276369
369205
296381
297645
274550
281743
265642
289909
340967
316523
337276
343796
339918
354164
340611
352307
355971
345524
353851
387099
339065
327101
309628
307406
309962
331685
313708
340914
322523
345823
348655
328070
313011
345672
322762
345682
340889
358367
366697
344232
502735
368757
349011
342264
333056
341807
340130
378981
367417
349270
393349
401734
383558
355483
349682
378389
354377
370331
360642
352166
352783
485706
441426
345986
332698
282998
268828
312457
269202
280934
258975
286863
345378
387780
322253
366551
344039
345703
351980
332765
353930
356361
418687
375411
376519
354556
353130
383749
351078
364262
358704
352779
348930
465479
377257
371002
377970
395302
365690
377895
380856
368954
380817
383506
399175
354971
348834
351950
345012
352118
375025
362595
409606
392675
390974
367654
346021
427929
385490
374126
394575
386594
406930
396553
441484
367395
354172
356895
321008
307275
310860
296543
285026
278162
297995
315593
319799
324575
332622
323739
308250
334376
330004
353757
344360
366209
371938
349117
298803
293988
341392
316731
315661
302979
354718
355754
442156
325398
303077
339266
346888
325206
329365
319848
339366
341830
364028
365765
323853
311144
347222
342192
367915
354885
344199
373756
371138
346584
372257
339048
356876
358421
337833
324637
277228
302166
303162
291992
373537
303525
288011
284560
327165
294298
290253
285263
273234
283704
283968
289061
355991
313468
384665
406383
413708
499371
532142
573717
583359
759272
782790
805746
747730
995881
808071
788318
812797
832695
740611
794823
738502
727066
757619
751592
753418
672898
669023
628663
712266
679160
575580
679921
734993
616358
652951
637666
587930
920426
835133
603806
571187
548975
442389
435135
441773
427729
422332
417878
309107
284100
274230
276174
301688
278640
299928
302568
289537
258934
279404
255841
290382
269345
339696
313633
306655
299217
377555
350861
432057
434917
521484
531524
660024
742022
730691
720744
720830
733270
739541
728485
723331
828155
805457
793861
765212
754871
753338
730412
712847
707851
633342
618474
689881
608344
813898
845411
786621
510190
648700
659052
662445
747475
727365
731347
709439
670460
688799
715889
653072
619372
635281
592609
691893
674228
642564
730579
677851
582033
669769
638191
687973
679884
615029
637054
578067
586530
642872
534090
532260
580630
585322
587052
665559
642506
677524
634522
643758
668276
661798
646303
611936
608680
657251
578691
592059
637163
630299
625444
645254
619997
609050
777452
595452
531121
595097
600829
575074
579828
560146
546791
541331
544240
616611
574163
613064
630651
643339
589520
607828
556564
525417
583494
569908
543521
563563
553411
532862
607808
624431
675760
580714
591253
643998
586354
584168
643398
609631
621580
647413
602861
586376
637368
613856
606916
656728
616976
604789
646342
565169
531673
384280
363149
399187
282876
300254
304280
413079
511706
576742
598415
599000
573981
605254
574624
575995
640525
644242
629619
617258
614501
636737
605145
610834
617654
648304
616997
641959
604857
609590
636975
590556
604019
638346
583728
582121
633307
596239
596047
641173
575219
578618
636681
567094
524676
556280
605641
609867
586513
647115
584476
637950
542504
579816
606937
571073
557063
573029
579469
598997
639511
644596
626143
682747
610940
681623
762626
726370
790605
761414
881440
802863
824420
851588
702309
298613
271680
248380
286479
248597
270318
265695
257953
266809
705147
718801
714942
692834
701967
680737
629762
644082
668811
697215
665538
626754
602641
659390
592451
600724
589838
613218
470467
466345
375871
352701
272661
277310
307457
290389
304957
287364
292851
278559
350668
285286
301669
299809
292167
337495
381480
451018
479241
505971
636340
697796
710937
672637
811280
716743
798815
730725
1062062
870419
776745
737007
638577
598344
577186
529819
527683
556594
498468
468739
409162
599328
404341
391358
374768
415498
575668
443245
349251
526384
550519
482018
414334
443607
406911
450321
450339
407863
417109
410683
397153
407944
269105
276128
280411
279371
280034
284013
289852
255492
274800
262160
279271
276831
283189
278701
305529
278085
458104
305422
354166
349544
339797
380486
399291
423172
437511
416027
442707
399873
441683
464526
440828
491115
489410
473891
491706
533191
538347
542360
591330
585925
590947
555813
524649
534665
528704
528315
596354
1016612
824785
666557
638066
443438
435977
467958
417267
418873
443851
419463
280410
257546
278426
267860
291828
291257
281648
263601
293357
264130
283972
279947
310563
307575
331202
340366
373190
501923
367700
346509
393083
370376
383837
433705
436285
415151
494736
575215
463841
456030
492756
529848
483563
510191
557997
581578
564134
657535
544202
659815
542631
533182
580524
555441
534403
548930
544969
881042
727870
732014
536579
536042
410765
481484
444480
425930
442690
422565
293637
252270
298195
281043
303480
277665
319562
284421
303296
283295
303837
300058
322641
293458
301591
285635
302549
284655
285681
288593
304504
277576
295301
291951
284698
281190
277912
277460
463231
329364
269223
368205
261659
288433
261844
280132
414203
542622
542739
554532
533366
505395
508833
508985
583777
558451
551772
629411
537645
506007
872754
655807
644864
474738
448575
447787
442925
469364
435964
449527
463417
435112
303405
278743
392035
281866
314387
274661
300778
289791
382847
315866
278268
277172
267928
305502
279342
307793
282684
301423
278301
285269
262821
280001
256469
286460
364121
456354
463103
268271
276109
268323
285176
498830
463530
536317
534807
579352
527710
528749
496592
581549
554483
555409
607210
585460
587141
585686
578426
831346
775712
747277
567920
582860
452723
447771
426162
453441
411027
444042
410198
322294
282965
303349
297801
302332
286132
307962
282760
303895
280828
304582
278316
302817
289448
303333
278797
495015
303302
254937
285872
393047
427256
457391
422651
443465
441386
473881
460025
496625
515408
604823
518120
485265
494982
483324
547203
534566
579499
558763
568010
552871
553927
587756
581226
642067
557270
923268
451133
450062
454639
440888
443010
453571
442913
441004
464124
446913
443961
289676
304232
279222
305726
281359
344065
281862
301683
279833
302820
279242
310728
279172
302867
278948
306369
280263
302729
282517
305208
286921
304482
280237
303656
261701
306580
278499
323658
301931
280521
300849
289367
305189
268475
282995
377227
285664
264211
551181
569398
537312
531664
531281
526692
519037
554320
568810
618242
563459
560523
934000
447445
458477
443241
439191
462359
524754
439285
450922
455242
447822
290258
280099
298935
277321
295897
281049
306592
279471
296524
280242
299187
276205
298478
283382
303043
303089
279246
300089
275615
306471
281168
303810
276163
305405
400694
431619
438736
429622
429571
479076
512251
491649
494477
467499
523705
555987
545532
519721
528226
519174
607796
570396
553594
609994
577011
593587
609439
584432
880124
772804
582940
571496
427839
464569
448005
437476
452733
450452
440853
303265
255700
274876
251898
253698
314868
284675
280597
278225
303144
283688
277065
278599
303478
281186
297166
294062
371768
385876
413744
402421
383275
458672
465811
476007
441928
534451
600009
506212
537873
507775
512262
498526
560197
588110
601878
585760
579560
595584
584462
551209
533842
544315
536613
623968
622102
1003040
888862
684581
640818
466653
468619
476097
435110
404018
460910
405442
263932
252216
290876
278375
300351
277394
305633
281186
280920
251011
285199
280587
280965
284970
306473
315024
344312
359789
279695
257886
406201
309820
273828
290551
305569
286200
303850
286951
321270
281064
306288
302204
257350
281865
278095
265665
266559
291562
277690
341489
281479
324177
282333
288276
292131
315027
279105
305594
523199
508255
565041
295947
284693
449813
478009
566046
446555
461188
460045
437822
449349
411042
416603
446608
417482
303247
262027
283935
281285
283261
301950
285635
323100
278181
279226
281691
279357
276308
292384
283307
323201
310312
372736
344569
331720
404741
399984
427952
596067
435898
443273
436432
473717
464958
430558
444492
514794
701275
541098
509963
525051
524294
481644
461746
538149
537484
580563
606672
528115
558538
541351
609426
847189
722818
640093
451791
474999
443536
475619
426051
444201
406773
434032
251826
319200
264507
280898
256390
289008
276047
277885
281535
290598
257159
452428
306522
270103
299220
279454
343804
315156
384098
358117
339928
403181
393407
384873
454662
416126
441695
507959
478696
459978
494878
494717
561331
512604
494499
474871
544927
560480
563853
526860
519095
518734
612420
583516
578656
621291
695895
1013006
817898
628024
600896
451507
451512
498836
437757
419255
425914
413216
416487
312688
256469
314526
257500
299268
281345
288939
279415
277992
292497
278833
265908
309566
284601
359056
353809
380078
330721
370127
377723
401156
434107
411231
450404
458311
432986
491584
498775
511945
486895
476932
515210
556452
537037
503418
513585
488800
597289
597328
607874
552572
716479
556320
556057
667352
559954
797206
713008
505698
511609
414320
454274
451713
446729
479102
456327
446187
255334
282503
279002
288138
280452
280119
272731
278227
283793
282185
281103
283226
270235
296997
284157
323898
319485
353684
348268
333756
405302
380076
426576
415256
436435
416925
481619
453592
437036
549130
402798
287226
302745
298434
311137
307682
285050
519191
288004
276442
283691
257892
303661
281459
445456
596777
550336
542548
531323
517143
955075
703209
657922
519497
470038
450249
442735
428958
457193
393135
446710
256679
296338
265431
287149
263074
282904
293030
258822
269890
290861
267350
300360
256807
302028
282524
336237
311605
376602
341378
376470
413355
398398
429136
455016
438644
427093
472541
527633
503106
475107
512993
740517
462261
489870
529932
498438
491462
537177
548946
704667
581934
558493
532776
536079
521893
620659
564268
778624
770974
373244
357416
348051
352143
323214
421909
389166
303059
280985
270821
277703
322788
288644
304793
299339
307786
290649
310896
306707
272778
267848
302435
277736
301590
284148
293615
290305
321350
285478
379669
312505
363752
291136
274652
303111
285845
282662
275838
528031
321662
305917
308738
288706
308819
281231
337432
312585
278940
307665
280741
320915
280213
295049
276936
309140
348032
299247
279143
329173
311158
310549
328814
274157
272601
310572
302282
329002
305168
341880
343603
315041
348952
314340
352665
334032
304849
342895
310866
311703
292442
324828
344691
285783
324345
303178
302080
277018
319192
280745
300550
278014
305522
291450
300697
283273
300503
278703
318163
260150
282222
261865
295345
278450
296404
260324
316816
273629
286069
563249
563502
609625
607669
589892
609060
579719
515608
564043
612005
585906
579678
606321
590767
555146
570089
573793
280841
336611
296287
330969
327408
334395
333663
302846
357024
296328
309079
302968
311294
298941
275366
271583
318535
323978
325649
303804
303159
286846
308857
283137
309126
288146
314012
284849
318612
292819
316336
305431
339468
298037
282328
278471
329253
314202
285361
291670
273705
279810
315143
304142
314554
306249
324826
336362
257531
276567
273703
288243
322280
314243
296460
288533
294121
323222
283442
290806
285205
299449
286306
309872
261990
286773
264330
345795
270225
286817
261733
285008
283688
299361
313634
314559
283560
317200
308921
283887
319926
287653
319850
284233
303643
287083
306870
282081
343683
331925
292516
302137
352589
306646
280476
323244
273355
295761
278645
382944
282880
278451
282128
284769
284669
275622
278053
280295
353397
368273
302087
318793
372205
322243
276422
283697
317055
314103
281248
311939
262661
284325
278276
397927
395209
370880
442191
414378
414753
456108
516138
467661
447577
515777
515107
507448
505495
484034
545947
558045
532738
507067
575759
531537
622980
611057
607627
636784
559325
556095
607806
589220
583454
575165
575146
558266
575546
647320
623836
619231
305267
279388
299008
299698
300753
307025
276949
298001
262620
282366
280391
280004
287488
302514
318228
277810
279110
285547
260762
621819
299324
564054
535607
578725
594937
606359
590496
582703
603558
605884
609495
639841
576961
663403
638357
638759
610324
641131
567272
609739
661163
636572
605785
636386
579199
582585
639488
595754
580148
657979
606441
646633
646666
806664
799784
742152
739678
759918
860044
881485
807323
807802
930892
762010
741084
683502
679311
603895
553879
445721
493840
475070
560179
620487
641263
597764
703789
777741
704503
676278
622495
601842
568356
644826
720048
644161
644233
678669
654837
643808
559741
550864
534524
640257
634626
665700
657620
587507
739917
584989
601848
590851
603365
572876
556976
611728
622322
607916
581764
582813
654664
582600
650753
520173
502469
513029
587445
659399
554908
553535
625037
582089
590342
591808
548541
532429
514810
590434
647946
595494
544979
769860
784590
754505
788641
712494
773321
848973
889083
753435
736130
730488
772031
771977
855260
951528
763916
774911
858112
872761
777555
982606
696511
754175
742359
795669
818498
402733
315321
290664
410433
352145
295498
296154
297633
372134
285154
369811
346047
458275
446569
323645
360725
304374
285036
299896
289387
279984
303257
277537
312795
282338
312301
285198
310595
327010
293658
312384
281881
303992
279144
310388
296627
312801
286440
305191
288801
318258
297515
274598
268352
328488
294866
304145
364408
313321
328793
285799
317898
334797
347171
328547
298127
296762
283222
341343
295589
291262
279453
304981
282231
275165
317698
279352
283986
285411
284519
284889
273701
293628
271280
296192
273574
288799
309554
314280
289914
317525
275671
277553
316197
290386
308365
296884
311119
284282
307508
285430
319337
295807
280780
276630
315529
287651
309533
285241
306997
286005
305542
290988
283965
280709
290680
279674
319493
280532
283545
280866
306333
280149
316734
302435
279524
285361
279612
305754
278595
282469
285357
305736
284411
335834
286917
334901
354878
296610
301530
273246
291923
271518
299428
283309
295488
268057
314876
328961
306280
295616
311873
293064
310737
296422
309846
311485
287592
291233
319846
299040
320608
311902
284550
309354
280657
351364
314125
308689
291717
307019
272568
310818
291658
277395
270851
307323
297130
316420
282721
306514
295923
320497
314344
324498
302030
281320
288991
314292
298252
307812
293741
309128
293345
329880
312320
294909
324581
294959
382743
316699
315507
309102
308821
318671
284464
275191
301082
293498
304231
286414
318428
285511
307767
282227
309743
289357
285963
283005
285002
283981
330565
331123
300578
330007
295439
300481
284602
281486
311252
284365
299422
287850
327924
299091
284441
299562
254300
274167
320132
291698
303033
276042
317072
290741
327393
285339
267737
279342
300831
328154
297165
306132
314560
311801
319415
333401
287082
287515
290845
286440
279961
289436
314654
332725
335420
332832
312242
310389
329545
296381
340685
282636
300225
282284
312857
453828
437444
316038
321077
295140
334213
283956
314621
282280
317083
281307
355792
316100
312570
320685
277953
295755
307616
293370
316230
293845
278460
333417
315661
293594
305973
298195
350974
312057
281936
302845
279460
301125
472125
499770
487375
484315
473994
445140
331767
304010
299617
300724
356074
316411
320144
285731
288974
288624
274030
278958
278520
265722
264922
318582
289962
303463
285822
304766
281690
301680
280738
300796
278796
303299
290497
309235
278793
305119
253625
280246
260905
296264
339438
304076
277603
478905
339392
387918
282422
281756
511729
486360
531818
539630
580086
640522
525961
560671
577408
589679
584222
547462
540959
564942
545163
601211
575579
582135
802157
555388
541742
621156
651859
678882
610958
559919
581189
553398
552647
561019
512630
599591
614975
597160
584716
631112
575275
562217
618844
651421
598280
653927
552818
556533
567519
527735
518318
543716
694214
660134
579070
577991
642518
582046
587632
639304
588841
659380
638128
584388
602373
650912
607169
612283
634960
605362
578719
618601
600044
595610
620284
502837
477708
506802
305603
284030
274858
272841
264174
265376
297181
279114
284033
278749
287434
610265
558105
522220
615917
629368
554539
560158
606137
643931
577816
629435
587033
736163
516065
558153
603961
597263
674614
541252
516658
555539
549047
537476
492508
562968
633561
611247
547309
514943
577944
556378
582172
590460
586284
638222
566457
560240
549909
545942
537416
614535
607532
597186
588147
612347
580146
601738
605791
557804
553177
609497
628774
592934
543484
565718
615296
534068
528852
551138
559089
569118
513926
601151
638891
673714
590286
610258
566020
631831
595894
534133
509685
577328
536363
622657
613392
643342
633225
614492
556663
730694
575754
532840
533110
614075
602401
559237
579174
562977
555824
557820
538240
645760
577328
620564
648636
586589
580264
658527
622251
612180
593708
609063
715575
581621
581268
675040
579052
584436
643429
606826
624348
588817
555438
721247
526968
569260
606801
607366
727773
847586
744830
820275
860879
875439
763023
745715
779142
765788
1058139
854165
861794
764898
792763
738460
767247
738717
915290
779811
744949
726623
676563
681533
675791
699346
675890
640135
659586
657028
647128
641211
644943
655746
696470
683919
670669
652074
658897
802454
683541
660128
645192
646080
629341
627308
748750
644648
622433
646168
639986
778499
618652
595835
583544
585932
590934
612162
607506
640872
622316
615551
674333
607766
611859
681548
608263
620675
637203
609102
611668
613374
610715
661618
647250
644675
608412
608038
635145
582798
580114
665445
639629
635064
611715
612154
641920
606993
616430
637912
637133
640269
610394
608220
607623
618378
569765
584716
580819
571127
530473
643053
687396
613786
617843
637486
603092
686421
640836
619476
606289
639322
607566
612434
636416
649097
648506
579848
672177
649545
580013
594928
638224
604640
576251
602187
556387
568109
553171
553435
590745
564642
555626
552056
633735
581395
589470
653914
606152
610202
648662
638046
569910
536685
526617
582415
637501
585929
578588
638278
570821
590343
665501
622571
618263
635326
637723
654411
590096
578176
633401
546647
530538
560243
548966
560066
552841
644921
672068
705331
593465
563547
566487
538242
662970
611409
619787
644748
612352
626025
637425
585784
583757
707577
578168
592117
652865
584553
577823
654362
606496
634735
639347
592886
583890
731779
562051
615077
583656
612284
621579
584005
575458
643749
583750
581344
568301
580295
604581
557244
553313
632897
611289
578762
567317
551792
561599
538506
645573
611411
610936
654202
605255
610258
636088
613114
579600
639614
622619
610524
634221
608280
604347
655993
611937
622927
639805
586040
580151
639431
602062
619667
637600
609315
569114
578823
569499
572236
554996
653897
726841
611788
617509
674995
610515
607860
650996
584580
577804
643479
558669
549260
537382
573521
646249
680088
606962
621807
638521
582753
592913
642956
606518
611578
634833
578726
622216
618351
606582
607893
637255
620108
606464
636308
630758
610078
639751
612499
607020
606141
605819
620860
592114
583333
577772
580384
595837
564819
553813
572472
559915
715335
680035
690242
594887
673928
671942
605309
618679
640034
657799
653608
684461
701169
668203
639092
638429
671562
676945
652023
637115
597047
637911
578041
581146
639378
607729
561516
517339
630822
641253
541867
537220
559995
546111
586715
646019
639312
609547
612139
660442
585098
591060
640607
578845
603765
561970
589011
565969
565134
608777
616392
667352
630216
619512
610000
609527
611379
605717
608931
634070
588538
627039
639878
626595
607918
639375
580041
587938
636186
641581
607602
635547
612940
611900
660924
519163
511257
532573
303373
305814
283719
308418
278263
298366
276614
299879
277126
300512
288651
602435
304284
282386
301033
283863
280713
283551
305575
278357
300523
298829
340874
260265
501768
312589
279940
309936
279613
586363
582685
600176
631024
589859
582494
606987
610912
608263
582431
559018
566206
547652
609283
619562
642249
650094
637778
577265
581198
654638
581107
562808
567947
565473
640075
600353
641125
616720
608390
642702
582941
545425
560357
548542
532451
532953
706147
671597
673102
647097
640969
578954
584329
646048
637854
690816
640287
641665
580963
577514
644729
605243
605973
645832
711014
563646
605636
588983
583532
634742
578085
613698
612496
586600
596355
603109
578653
574247
601100
633821
667372
556484
537198
575562
580469
603173
578062
573916
646196
552600
536633
571086
552422
558269
610917
621351
637263
665879
609092
657383
614863
608949
648900
579222
578483
644335
643548
641248
611530
619115
639048
585220
580329
681434
596980
592241
630479
618422
614189
547342
425473
288165
290295
340590
281010
265034
303552
283795
363586
355679
286886
279545
280272
272756
278309
315987
279172
284158
274115
284557
346163
356742
342888
282902
323470
278548
298082
277898
305461
279326
301762
284866
316062
279857
300533
279035
310565
302076
274664
274570
300923
287180
298550
277786
553263
581807
570163
585628
563799
566716
620848
584439
599205
610340
586057
652014
553356
524733
545454
362303
300951
278741
305824
277020
307519
278970
307582
280305
302685
281764
321713
283428
304122
282315
301956
288917
403869
285520
296335
275817
305454
283563
279872
278794
281803
278120
474499
619796
279230
552315
553060
611879
578037
589144
646506
587236
581186
641479
639827
639086
581970
593355
637770
610095
710095
649313
608821
615016
650419
610027
615047
639783
612011
611815
636143
593438
577551
640000
607893
621550
641663
611260
802312
617841
547299
525017
607200
636298
643762
688179
669520
874013
828997
746606
732009
758871
800398
780957
901269
783536
746582
729649
763701
881197
881860
767165
759729
726603
716904
812403
809575
682090
709363
685305
639202
629990
665473
740211
657214
728607
646599
619738
752844
592410
660144
672680
685429
612633
638572
583221
493337
467397
423542
423901
350133
383536
454992
427069
464988
401004
389749
362391
399176
372143
376506
376338
359601
388665
419414
398778
362721
360989
372803
361207
376494
359645
339750
332387
450508
490355
344123
332937
314259
327280
320321
361617
349958
430143
366130
414821
348155
356637
399802
346006
366698
354871
353118
385419
367370
424798
407582
364199
363100
349634
394618
355091
362980
371959
351742
357355
414826
377680
359345
369372
363940
350780
375914
364133
375897
389785
415055
366985
343126
338475
331126
327707
340023
350431
344355
354928
342277
421749
380337
345266
356343
355353
339463
381339
352146
340116
372353
495545
461427
379476
334025
322352
361808
337761
385981
355179
328813
324637
383757
319752
337530
342747
363172
358101
339781
366377
356196
364628
514155
347222
331891
374442
353127
407431
370738
389554
391352
361870
361730
404071
387176
364478
374725
343808
331314
356586
358884
355640
360223
479718
423503
361938
348671
381386
369079
387093
387220
378745
400591
491551
378774
375545
360081
398786
413965
381359
395961
377847
360766
386625
401949
348086
345167
372078
378055
386825
373050
413994
392153
408409
446833
347595
355553
370732
344424
367811
349877
389392
378737
352897
520704
382442
383248
372134
378295
387998
332907
359167
354807
352374
354922
431218
336468
319591
335855
319785
332339
345035
310287
358568
334269
463541
353462
344352
352504
384481
360693
351370
342095
394093
423249
403003
381022
365034
341286
358385
344544
369864
351808
341542
363149
336602
446645
417589
352230
356237
365945
389098
348625
380516
361821
421958
364535
482079
426480
355473
388735
410332
375839
387921
375888
364170
375083
364257
443808
376306
344497
342206
338543
372380
358977
374427
370407
375367
389875
289539
284789
277398
260205
257678
289499
261209
390861
367467
393493
378849
343605
313273
335439
322702
370043
362661
358498
356013
284798
336367
322894
322533
305558
280037
276452
287502
281240
281781
288104
296132
443826
431532
289454
277289
259497
286539
380031
351946
429922
369157
350858
373928
341274
355102
347355
376093
357263
340741
381277
354339
351648
442837
386457
364539
384252
378761
377955
360407
362356
370162
361605
369486
383193
381527
338249
362309
360986
363121
382596
360305
394812
341128
424237
465541
365815
338402
393711
344446
416893
364792
355899
403200
392543
407846
352858
336777
354484
331987
379107
367081
375043
364703
361779
442806
372539
365196
358605
349667
352845
330126
337176
335679
374398
383352
373475
403605
345029
363755
364006
364541
354135
337063
366613
344645
477342
402500
372687
377445
373277
349880
386755
370233
362791
366791
405639
413125
377176
388222
401746
371456
350154
389387
378540
384034
398592
395391
405867
379622
360826
389288
379557
384439
364036
364866
348359
366962
357991
356675
379507
391241
362704
367001
363525
350446
378129
510572
385258
378611
366564
373723
371523
350415
352803
342048
417582
365612
414660
383134
397369
333287
348293
339727
380002
380239
362171
342007
374317
347517
357174
333708
356789
348212
332067
331735
350055
369160
517774
343102
350509
391795
355771
363690
407117
385602
371241
388476
408438
393900
401353
379387
358523
417722
379186
386959
361449
359057
420901
406613
338251
341573
323196
328633
348728
374730
367347
374971
365376
387214
399983
368900
375814
346636
333693
377228
365976
393249
373888
367917
430860
377871
340097
364887
359488
379259
382496
362146
387089
372005
428843
400608
344766
372049
371640
350901
392958
368585
385220
381846
379702
384097
379934
408408
363819
333436
359729
370312
342710
354250
358590
413716
381303
359583
358799
337949
355548
344556
404374
346853
338938
451065
368109
373367
386872
372653
383099
357179
354985
427782
368803
392536
402492
359658
511511
386837
333695
352815
364775
354364
401429
387272
377945
346430
316798
386705
343138
356654
354433
350872
344851
337368
510537
365110
340861
329593
402004
365114
409057
374783
364218
363945
356196
427352
350361
382569
368346
353698
355890
341233
404739
358498
353545
392168
329425
328421
335576
377534
368114
380574
371128
352335
388373
420819
385630
374040
370537
368325
354283
353710
351190
349867
377701
371174
390393
345571
336689
381876
355780
368856
356085
342603
374497
350081
428191
377642
348884
373934
355303
353704
386874
371510
388591
385324
393849
448875
372854
363491
352204
404718
396201
380165
396585
543483
401277
365188
373881
341020
265808
282534
285356
289111
300700
296411
294091
308874
301318
261717
291111
275577
289892
269323
288717
265583
343821
322332
340825
365522
317947
377565
317393
362324
320634
316282
326725
384363
359852
341609
393144
353366
345883
341455
360201
352345
337050
331965
344496
360448
519073
398528
345011
329852
369171
350722
366931
369226
343376
346118
349029
413339
384271
282551
332817
273286
300009
267505
282994
269755
272871
346478
333248
349175
377270
353599
341732
377183
334972
395001
368451
370588
371894
400496
411050
466309
622637
460690
444361
392359
425970
512603
431283
373444
389027
373187
398732
406161
387866
395072
372652
357921
389005
343511
363613
346222
406201
392471
375232
402246
393475
359657
411214
379463
352995
344466
361603
346001
343928
376837
375776
383732
474224
371176
347170
343471
302090
303517
295227
278647
286470
267685
278802
362897
419726
344689
334413
336544
324644
314653
319870
349689
362193
363063
398433
319078
346594
338247
365688
343863
334038
365544
340827
363459
412164
350180
345442
353374
354499
366007
353377
368094
350339
388768
394212
386172
357262
329008
343764
336809
378076
365928
348606
386132
370365
465432
529454
377487
350160
358150
355524
341417
347897
343169
389207
417841
420275
384169
453663
291533
331741
278307
285480
268726
312562
295141
364436
337506
342531
385853
361488
427463
474581
469158
565025
639484
705576
650242
686990
732119
814018
887110
798730
792056
729369
753349
853330
780612
704232
710695
735881
675945
681033
693271
698289
700285
682710
678220
684475
641940
665448
657606
650450
644096
629904
679375
692819
641439
692041
733350
509073
473148
406258
370158
273664
352274
383328
525943
656849
677401
690605
708005
637087
654816
689128
582713
562170
557590
538123
614101
646243
611519
611840
617491
606984
330480
280293
310042
276312
300438
279307
303117
260679
302531
294255
302960
396383
263699
285180
257289
303321
281708
300592
276853
302068
277820
578684
617522
590134
612897
578113
586913
616867
579433
554701
561176
499325
455522
362060
310302
316648
264887
336519
308445
446788
521052
488344
550150
614698
659916
634772
664114
580194
579294
672534
616053
661141
737222
573944
623227
578189
582049
631847
554115
532027
564649
567947
563035
579253
582351
556506
570150
550855
553089
532034
612940
614257
646721
635338
611546
642001
581561
638425
815609
485642
575483
440370
440853
475478
495394
377225
284278
395274
309672
268856
266693
294911
271292
375039
472548
349001
345035
250133
301926
271643
309195
277488
401047
394737
374307
444361
290166
312977
303903
302826
281225
283471
289830
304881
284816
486414
319911
292682
303610
285201
386545
305825
301026
261769
303936
293804
354732
269910
293830
259618
285531
256338
293664
282367
581327
622335
560317
607860
583346
273670
304142
552994
544985
577594
576063
576571
498717
374104
309314
316138
276266
297728
269061
315252
292025
387891
422265
434244
433557
395828
409361
402765
383444
418467
407846
