434477
358410
271620
285296
200703
194258
175202
168411
183487
167437
197977
285763
232153
267509
253004
259368
256228
307157
277767
265752
332409
328878
462477
429837
404378
350736
440569
311562
278756
326373
297778
316053
437395
376850
439304
340869
323222
288987
241457
243979
215295
309996
280721
290182
227341
204615
181957
183521
285732
233342
189151
169812
172421
233916
189934
296551
211315
217506
198372
270273
246135
274549
337422
388803
490667
488491
386293
349713
315410
280459
270249
240202
264504
339278
442880
450096
424129
284555
343826
203692
225768
207927
290830
258728
379522
421753
369390
345528
250978
227430
253764
281213
197023
229256
201107
175799
214904
179326
203402
164002
170954
177308
160865
172105
217079
202988
222911
214793
323903
266719
380540
348734
411395
520517
563006
561224
678214
438731
466169
389523
511453
478283
524684
525822
591763
466009
389949
387821
433388
554583
603197
675932
625373
565278
534824
526343
513041
479101
652492
513877
520557
505344
612841
552818
533256
589684
617464
598974
450973
406551
322247
297164
187980
188152
229965
209655
318176
292814
439667
598475
572881
597442
506205
492511
497678
500746
523541
489758
480896
488393
449626
418989
598871
552977
569047
548598
556725
568917
520493
462733
455292
432125
550927
575147
553347
553830
583934
554000
551230
601952
553862
538350
519251
498248
471979
308660
185004
197709
177194
194786
237800
266009
219402
241215
197058
173996
181225
177012
173768
200171
165312
237143
175629
199958
187809
168758
211962
174137
200024
191635
155264
177082
179877
213057
305912
279664
335536
386754
349033
509158
647517
412233
435459
403909
376931
402094
382951
326951
274340
313042
331811
368284
394296
343836
388952
409282
402661
378142
445464
422959
411668
390493
449669
400535
538477
436887
308650
300025
306736
308256
310535
310852
324606
351108
509311
283718
275739
232172
211463
214871
175543
210627
166605
169698
212320
160068
169027
197576
164571
162160
195153
203540
229637
246928
261306
276774
160717
192246
179141
438356
407038
380365
492075
563279
555194
551250
565810
549722
584035
510370
491362
467129
548344
548077
552161
549300
630875
597251
506289
468082
415220
429857
395995
387731
358030
477625
360539
344830
341241
299674
329749
287028
303543
277131
295130
275600
301169
250335
278626
264186
231765
200996
180984
174322
159046
208712
186047
272677
220460
273919
282094
268123
274822
266425
276280
272893
274611
281133
296344
322626
280026
275004
314776
303223
302955
291492
277983
277427
269705
273083
311817
291890
309407
305349
287073
302913
284240
311257
288622
301490
382744
356060
256576
272451
310287
282225
266812
269340
289629
276850
313068
414491
339839
289126
289371
322310
283785
322224
295132
314767
295120
315430
374488
342998
276413
296119
241968
258308
182148
212021
182768
161804
175872
199638
199868
279217
272056
354947
276907
247658
256234
249623
258261
246598
251011
255842
265909
245617
292525
240751
271345
258073
257298
298331
282295
303035
404513
293567
352996
275053
280538
261234
289194
273203
291393
272544
282026
287886
281361
254683
300708
272244
304090
273999
309952
283359
301248
281720
364563
328908
300582
264196
326089
288378
294014
284973
270234
280831
309039
399166
352533
270937
253859
205198
220137
191494
189682
187526
212707
175421
201693
207989
252755
240808
281851
273683
272072
265245
281842
279170
260819
261307
289383
286172
254685
241659
242443
252488
288898
283932
300472
283748
277617
372019
289471
295678
277866
282165
264877
270302
257132
280036
265492
269937
281591
306379
258285
277604
265940
292575
274791
280691
264590
289844
274727
286010
309775
274109
256612
290935
272703
291112
275424
323375
293769
307164
336821
240894
219643
199968
182952
190015
194741
174719
212586
178579
178020
167060
208246
230552
175244
183721
208707
162457
160184
149713
158743
157627
179005
178704
189196
234623
239430
294244
289770
357531
422219
485710
445245
552689
616882
551299
549536
579116
548508
553032
540703
548219
549352
494463
457429
441619
437676
514617
544421
480875
429054
439705
509615
517731
546585
513423
488403
454865
432628
567094
516439
418423
377619
304548
280564
211324
192424
191096
161960
166014
176331
172652
174740
273373
249751
276175
360447
313934
471140
527159
551935
511598
581729
517595
515406
498024
459995
442506
550872
564012
549197
545219
518571
513826
486077
456064
462181
552006
551163
552736
567245
547148
608533
497789
517421
520760
546319
519960
594926
520671
527004
487644
457159
483397
550278
552074
541867
563040
550201
549993
411440
375025
288112
275356
248220
356608
302266
448947
551099
617232
472467
527305
512922
490490
461081
461312
473073
549936
550349
622390
517952
514150
530509
483351
582969
489103
460815
597943
550501
475457
519417
519258
548941
555462
511596
530016
516750
474411
452274
449310
549063
570026
557279
484432
465883
487699
532180
515984
513302
527968
550518
432123
408837
478317
423677
263096
335898
215499
232990
294227
328861
465110
420606
549465
546258
549522
550499
548698
559246
632667
473956
456908
452381
517282
560783
552188
549216
548080
545157
619916
523029
534814
467662
458770
433177
597782
548931
546693
553533
547384
514655
490917
457749
435886
513669
557565
509160
521944
516427
480102
456765
441795
542950
547327
577293
573148
508676
417530
458396
326587
303779
255621
235612
373996
415741
453382
518758
530433
550117
514436
515685
550284
571014
544307
547083
633875
499919
673752
495271
513973
568092
574940
511774
515339
513654
552831
508023
467253
445640
428400
575584
547230
550360
545343
546329
524708
514198
521446
488875
490741
441673
207127
176149
174752
172312
170627
172920
191106
183981
191778
271796
208762
176018
173856
181902
193179
184377
209251
166378
170391
176685
166942
189819
180797
199236
293030
255765
302301
311581
342909
328458
311357
317347
320447
344024
278905
302133
291819
317181
307561
310467
307723
286707
291201
394532
365345
289348
311530
301926
280686
358496
293311
299082
293461
288273
309341
289516
280832
279836
268931
306402
298694
276254
279453
315065
304247
309494
303976
266065
437568
283832
268402
248061
234223
256017
249018
259623
314953
273300
257525
282611
197148
192590
179572
169014
161698
178448
190593
268762
268749
285332
286404
312966
296454
319028
294978
313775
305874
279877
423707
293450
264069
321958
274661
291987
278645
288722
272502
287499
275995
301442
279820
279041
295618
279304
263537
283481
264619
299077
287241
275460
291098
244446
242472
263714
257423
256475
259869
300629
297355
320957
294027
386402
269820
262286
287418
263739
281221
269957
281858
263339
283969
275462
273504
240032
273588
217178
241986
173815
174949
177468
161581
184562
191269
176427
228782
173226
167802
283700
269107
337185
319281
340264
463302
421992
419326
521829
488856
446486
514082
481470
495204
496330
465651
455997
508929
509278
527335
515094
518048
470893
434416
440565
514494
546490
549918
546678
547227
551612
546959
537219
543992
544528
639364
564729
550068
553676
553218
548604
454282
402611
315969
239444
220929
222981
173761
196149
174053
168968
192551
172991
226751
210046
223248
231549
264404
277878
303606
335200
358126
430563
457595
417636
489583
510908
544989
562356
535591
545857
685055
515273
554435
515250
518510
469735
460009
542104
324833
191749
175302
204499
182503
283256
240432
267228
283168
290065
303142
315317
359759
410930
308536
266392
261421
218647
191229
196591
175697
169387
191486
183742
169616
188802
161025
169524
257336
179865
163483
170951
168790
201347
189917
177381
200315
180607
175180
254891
377897
307264
165901
190622
181144
173741
284879
268534
252979
267145
309271
295841
308117
263957
266733
271858
299302
310696
301547
282032
326943
286153
280374
286511
250661
251261
245616
243547
303297
266877
281246
272463
295789
284000
285781
246247
277944
267553
294018
301311
330686
327743
314543
362023
364177
395869
410198
380347
285842
272889
212847
209393
191531
172364
194442
171709
187378
175075
171634
221325
173505
167984
192355
176627
229307
173291
167141
191302
175422
199019
177003
154858
176310
158752
154024
177875
160894
196099
520442
586016
191941
199865
472589
154045
163888
191871
173195
198068
158969
156771
195846
175962
196470
190713
172118
232638
465727
546382
545150
542780
549743
547131
549508
566887
580888
550368
552216
551819
545090
492235
454176
330074
198775
172585
170368
191164
186804
198808
172913
164734
202171
157506
206280
175903
171950
209804
166248
155339
155552
160035
152630
163521
155695
150911
166978
146622
149929
160087
148639
146840
144705
167212
152236
147794
160614
167150
147302
176979
203130
150052
442649
428579
442779
466191
461850
455954
456285
443597
432548
441283
438440
427629
438899
439510
465989
431832
479437
469332
442739
461763
453140
447057
472953
251511
159716
189050
144625
183703
213698
186795
160759
179906
157793
169670
146936
158071
179182
171274
165787
174172
160926
163329
159388
170660
165778
163351
156471
145946
156319
157965
164330
146958
175756
144697
144352
179278
149700
147130
159757
145173
146095
148496
151997
161769
143195
156768
189332
144508
156401
142147
143520
153224
152093
146787
152151
144006
195632
146770
149862
163166
155029
447920
150543
177331
401899
421763
387865
429784
436571
483521
428587
440519
415994
453280
162613
163439
168304
198849
168267
155233
163625
189603
157003
155696
162759
172495
159081
170060
163535
155478
171299
148249
148013
158191
153726
144509
154593
158690
154184
157731
148154
159450
154072
157181
144441
161007
143631
143823
156502
151254
147964
143484
146803
162290
155645
164446
161612
145827
156146
145187
159034
149790
150501
153083
144279
143078
152018
141006
165209
141201
197238
171006
154353
158386
165283
146980
178331
160209
154868
155553
147730
158063
182147
173193
188974
182931
158892
273041
239638
274066
243393
262888
281071
269243
260705
267058
250837
262440
275394
244455
265035
159812
153568
166002
201357
173041
207272
160971
155021
309852
186085
176293
165937
204248
191339
186060
212362
237659
249475
274449
247692
292594
264672
318485
290140
343352
326787
337956
376851
343188
394909
399037
397625
373985
458398
457579
431911
426011
410023
478209
481289
469840
455546
435638
551324
548044
513967
492917
498477
466155
183008
175092
173000
161352
160991
163720
159677
173756
168104
198032
173378
169702
193436
175319
193090
172566
152786
175466
172249
184949
181505
171823
189028
157661
166370
175481
159176
192462
214919
243621
273685
311352
328855
345535
323345
413131
385505
543590
516201
514036
536794
531336
492549
446614
579256
544930
517764
547935
513994
548181
467391
451447
623715
486320
435768
456799
450925
429596
611800
530026
548772
534924
552860
551821
561715
556747
573336
565767
447745
416116
480485
411565
302819
284477
212187
241149
292874
432324
434533
473038
454114
545172
516196
517367
548006
627680
560893
551431
548860
624316
520541
516711
548022
571327
550607
517935
514504
537333
547237
548093
548743
550539
512637
472928
458030
436780
553213
545994
559857
508502
517400
549728
512062
515036
474268
468460
456461
549562
552987
603206
567596
482119
448369
543612
390042
324582
223112
223896
343990
327571
408184
460694
549314
580761
554965
551048
562402
544527
546809
546556
535895
563415
517437
516969
551241
549845
563989
478254
424087
482832
555224
512707
485523
497442
449751
530042
465682
475570
488112
456464
515470
512965
547659
560857
518075
480304
462701
439729
431718
545583
558999
563067
605066
529123
526537
453591
429142
370827
346381
224454
220116
282118
263641
282615
406477
376368
516630
591917
556306
483075
467874
472151
460414
443906
516374
548974
558404
545165
550236
545281
568995
482414
446971
514059
512736
514142
514514
552835
625505
507288
511665
501903
463597
435211
547483
545700
545367
618699
526105
512086
550361
552187
504963
453981
454192
550093
544378
549331
486379
471525
304641
327752
223104
239668
175701
193548
217553
226827
176712
228211
198130
171794
202807
174971
167998
179434
174252
200921
188876
158347
193395
177386
202548
161091
156036
186614
178319
153909
177235
175459
199577
190591
177106
189753
174191
152323
191174
172150
166565
191963
158848
196760
205271
171525
191331
171950
198208
540469
546461
548216
547707
550839
604433
546853
561987
548487
548301
547049
500393
459454
445307
546003
464576
551005
544889
453185
367484
315720
300634
217635
209372
336078
334051
420752
535555
674256
563612
515932
513477
546150
528054
515979
671083
475026
523176
513273
513484
480419
508454
482038
556763
515054
531455
476785
463116
465090
548775
548102
530667
526768
553288
516458
515084
473999
457831
469410
550957
550485
551237
529461
517247
556641
548436
554717
591993
550999
552497
518332
518590
342662
331197
254966
231418
375459
304401
485396
549548
549859
551755
546398
547896
562265
624340
540746
537937
513307
495122
454753
433601
533758
550370
538347
491505
452066
512239
513701
553332
525797
516595
633306
545869
548908
517808
584309
555443
539724
556337
519290
530646
517498
515884
476368
469639
489827
447533
550247
577255
570143
479641
451464
516708
420576
303385
285594
257015
229753
353338
319580
488216
489707
595354
546544
552833
549728
559432
550162
526509
511935
552532
513235
516631
554940
548297
571916
490454
425245
484909
561954
515613
517468
470445
474664
456623
514020
526107
517041
514776
471490
470068
434106
516687
548212
553487
551591
600512
470299
556391
554248
551901
599914
550427
546625
554006
495824
374788
342773
246217
216049
265296
240989
401750
388829
510742
483240
460297
546959
551760
547622
551518
532896
627906
482649
520017
546731
548755
548734
579788
543240
546461
515902
532879
545459
562834
545182
572998
526830
487371
418816
502579
512369
534899
563920
518035
505011
468837
447565
515285
546693
554448
560320
511756
537198
569491
525688
529252
456488
422868
406738
347811
251721
239000
268032
319267
343301
352877
371315
345000
410627
388589
372755
459906
440859
171289
482468
618606
488287
495860
485378
460057
458764
463467
547845
539204
512563
517804
516172
482836
466995
436277
516350
550764
553327
548943
550986
552152
550702
547465
551895
783605
458328
468252
386863
205039
182752
179431
178175
177125
174487
174978
200469
187993
174749
172273
175673
177638
174195
220302
182055
189420
176969
178432
203209
178936
172786
180067
169144
166699
165492
159081
160555
193623
190298
172624
172099
256283
238625
186148
188789
174663
173687
246354
200722
199990
181344
173571
231703
222092
173107
179013
209715
162795
159505
175256
165953
157745
161574
154348
182200
169893
166556
220499
205765
198997
174955
173054
192963
173231
171342
197982
175271
207865
193707
175197
196688
178313
181863
170256
171603
197491
196089
175057
197670
178254
157158
197870
176315
201768
193041
160453
192980
172941
168679
196142
173924
202654
175570
168942
196978
184146
167717
180626
174204
168970
197327
175379
197257
220075
181917
179513
166181
193978
173996
207933
173756
168150
205464
172373
210067
180550
171727
195487
219797
220365
176863
168889
186946
177890
191314
169072
162146
217195
181555
170378
169595
176111
162404
189224
175686
182135
196623
173924
203418
186383
171755
193909
174500
202423
198139
178102
195061
176372
168153
201945
173739
241044
178209
170213
229914
200504
170971
197469
174945
195263
180000
169401
196076
207170
195428
174260
167917
221442
174283
195780
174065
172528
208632
166722
206520
183246
155294
178969
174496
186743
194750
175168
224288
342550
197335
174300
171748
177750
168008
163749
163933
188285
286610
343899
223980
183483
171082
168894
178322
184974
173058
170292
194765
176428
178397
194074
175733
181593
179721
167941
193524
216007
199727
177461
167586
223696
176140
168514
176500
165797
159802
203783
180207
180273
169845
164944
175387
162136
168561
205031
174422
174456
191770
172359
199740
173258
196959
172443
162367
196570
158411
214596
160152
169439
186480
158997
165452
551298
196403
159738
213863
179688
174271
182366
158728
166563
177549
503627
472221
572362
179114
162776
163285
177706
172421
200955
159874
168654
176669
158750
221388
452735
188378
162368
167491
190618
160401
154202
547549
549725
548726
562627
543633
547934
534286
533210
545082
546949
544706
474635
471359
481284
498265
481098
466376
435170
524122
511764
544363
545898
554110
565710
422518
444855
475403
549763
551187
546328
503653
467315
453650
457074
550202
581307
562626
569387
538134
482359
510415
554786
549807
548698
549940
547006
546790
558377
554335
511515
479242
458646
467628
551100
546216
546774
546479
552125
523080
513227
518699
780394
179101
191228
191055
179122
162668
202789
177867
171599
191113
171682
235716
173346
185714
181172
167230
175797
190442
172348
209287
172132
167208
192765
176730
197081
175313
165466
191271
158666
154004
180757
160335
202985
160002
159821
534949
551351
513665
566233
651618
496058
559602
548277
544490
551682
546431
547166
547298
584354
551193
546837
546527
491017
459031
437545
546832
551381
613935
497052
625263
554504
548995
802082
756947
554307
428464
375035
434794
451972
682309
627061
343971
310152
258027
290853
286975
318315
318171
301889
241308
274823
178862
279821
242575
223717
186408
179762
178124
179425
216281
280046
331012
322903
351364
301583
228754
200893
194029
189021
248645
230284
192280
175018
169460
178255
175433
221249
199830
179094
183582
176307
166212
192531
173895
199288
198456
173742
193926
186335
167391
177138
173365
193605
197329
176560
171983
192069
174702
173656
199654
177818
198659
162256
166718
207995
176175
189001
199424
178338
180536
207849
187502
225049
189769
199263
177797
173193
180565
169257
163535
216695
195115
220547
171981
186044
196322
173076
177847
203240
176038
205726
186901
215235
172182
175559
186257
205540
188901
195434
174458
173493
193778
161332
165460
157882
173195
161650
163220
240777
250293
183692
185148
163687
161629
186551
174275
151002
164391
145467
144288
157768
168257
150890
165113
174308
182927
148643
150909
154523
160725
165408
160448
157548
354880
314760
291258
287950
268559
287171
280127
285854
239279
275403
204004
276556
188128
170469
191542
202388
181372
176044
194751
170493
169895
189315
171724
170274
214343
186282
177410
185885
185467
179939
178980
165967
166003
171696
188596
181673
193393
168870
176558
154091
185298
159762
147289
149537
160460
156631
149942
165172
198278
186677
162681
170794
154017
166156
151420
156426
164748
184287
171485
171484
194340
179180
157389
175534
163810
174819
160766
190597
193309
177070
165312
189087
166290
163454
171884
162322
159420
168818
185496
170010
189945
169924
161915
222540
178413
170099
180313
188334
208518
185279
164352
170181
159258
163637
161049
190668
175329
170215
208221
166790
149928
183011
160405
152969
166917
147531
148227
171260
190993
166872
203054
167027
199745
186338
188880
180500
168982
165034
175495
194705
176939
201325
177401
185027
201799
174936
203140
177015
168518
195346
174648
202798
174701
167792
251793
250965
223121
172357
168574
171317
169534
169121
171375
162636
160211
165084
172001
161307
163323
164293
153788
178523
163703
150523
161839
177413
179966
176794
185692
208387
197736
175286
182668
181603
163816
162982
169265
149290
273261
203095
177926
171550
176455
181083
170013
195900
177425
173706
194230
178099
192934
174914
168905
164807
160554
182377
209022
174501
171612
181877
178715
201191
178464
174779
206126
174571
166926
202941
179852
190337
176412
165658
186340
177053
203263
212437
177658
174639
180235
189668
169140
209187
199149
211033
175048
168249
219175
202621
178653
167209
165099
219226
186855
179101
164239
165987
165661
197035
174879
197703
173925
167064
175260
164212
176300
190763
174728
200285
173590
166778
211081
169345
171391
176585
172601
174471
197561
172169
193127
177747
168856
191801
159816
199964
393992
556005
525854
511522
485477
490524
467943
492844
548078
511888
515162
532991
548041
483876
444557
483000
483645
487564
489400
440429
577504
509760
512179
478298
483454
449992
428621
513827
529199
619908
559067
557400
517592
532563
546408
523591
473095
458175
482472
440185
567443
551924
517437
513931
539084
506244
471320
460206
512124
545402
684063
483664
492371
486904
511057
571020
485831
496780
476894
438613
515894
521838
547633
549699
542530
478441
488023
484144
571314
483625
499746
472132
459691
484303
572502
513087
516935
512712
515497
487158
470400
458150
519061
454514
455838
465217
427564
419875
487146
485727
458705
524203
447821
512196
485410
445050
468038
445063
476538
549013
547533
479040
481939
468272
516037
512025
551127
644873
523238
444390
439052
431421
488261
487610
513623
487139
462426
442373
508841
516538
550144
508774
512235
529076
476186
459081
483024
558410
625257
470425
605674
474063
490295
516399
527326
603313
476391
515895
460827
548025
547480
551562
552115
524080
529007
454127
427153
496634
533321
483992
441704
436413
435195
483847
457400
484455
421813
515182
512497
516212
529785
476524
485060
451296
538665
513137
546897
526156
511621
518948
468049
492529
442825
513989
547453
707096
470048
491588
458714
571104
480984
452744
431622
430096
412584
518948
512376
548141
530639
482379
447294
437573
550754
551280
546272
555010
531765
588890
511899
548623
562295
547859
547046
549379
564377
560270
560880
546493
549635
565013
546627
560531
546016
515055
552452
537992
484762
463531
447671
513027
523672
514796
513828
506257
461141
454060
508401
541117
545336
534161
541335
593301
513100
560314
516535
515221
515162
467767
468812
409329
537624
538031
490604
479724
536435
514438
478880
491013
446470
447240
517667
573224
547544
554599
551969
564096
550203
522913
489411
451679
443384
512866
546981
546098
547251
546737
568180
503970
449790
449240
547067
550455
550042
548307
547243
577075
543964
544671
516234
549585
546466
552240
546737
572440
547480
515247
514098
514915
484651
454381
432649
550622
614096
558652
533714
528943
616768
518174
510114
561379
567211
563751
516451
511666
479052
458948
431286
550246
549223
562837
558698
549888
550014
550204
547040
547332
545995
547008
542593
528028
508776
490333
456664
431750
514307
515527
533857
527943
467448
433299
431777
511883
527041
550990
515565
490914
449100
438142
546904
540974
512173
513338
511264
453946
451341
453321
527502
513913
487029
453649
431886
409333
514351
536313
521830
446384
478016
515068
602205
542429
548911
546154
551456
547044
513869
470032
492105
491847
428995
570454
562062
513678
512420
512568
510156
458456
463730
514052
531353
514451
532756
515000
514759
515942
492137
472090
548811
527448
510777
513386
511104
445154
451516
473352
509687
554801
542880
547625
525514
548735
515013
474026
532359
497885
437059
560259
548936
548659
546333
563787
544679
527097
552780
549592
543015
549484
543250
549641
542917
529515
495442
471222
475902
550531
589503
552415
545458
565394
563740
550169
546665
525154
520461
517151
528452
535243
491647
478511
441118
512781
481727
447152
417466
414513
166895
194150
199916
244184
159448
160673
457713
458340
422019
570275
514422
534040
575282
513831
540082
497006
475815
444921
533125
553339
562434
556592
423495
410056
513000
492558
447507
438966
410825
516005
506923
488590
485731
461537
545162
516067
511055
553292
510138
493327
487442
467240
439878
528359
469039
468237
456509
459111
548950
560304
552684
550035
550177
559512
510854
516989
618647
529273
505777
464746
439430
452677
468651
442650
451663
477259
497599
421779
446796
449171
471545
428032
450747
430523
442347
449819
530606
491497
471645
479537
458996
462169
625232
548732
546552
615301
518111
510477
478451
459082
434243
512524
490990
500730
486820
465553
457036
459755
425499
451806
448192
453604
433398
465476
557259
497457
469962
457478
561980
492463
543067
514019
469579
438984
445892
474032
444231
448793
511250
538939
551891
563087
482909
468303
467939
435675
445023
460326
433173
431857
483669
437603
433261
546007
503713
530705
462497
438453
445741
548883
498749
458578
424218
524619
445875
429771
547501
497932
548693
518259
456862
438621
527006
472823
463105
474176
455572
472169
475015
494057
512801
440880
467012
529372
443297
485922
546899
504971
544478
509842
461939
466461
489396
434948
437766
447769
471220
478966
543830
506882
440267
422829
512057
489069
496717
513699
438421
550926
475133
469778
485571
436079
442457
553567
477581
471035
476602
463852
461095
473864
525005
493188
486428
462168
445902
464587
509434
558176
552472
501728
478341
445029
473565
548365
513691
465032
453040
548913
490639
472301
459562
441631
435358
445251
479181
464604
439734
547535
493714
474577
461262
435827
537279
480666
463779
581228
489783
513817
570778
496158
559926
557984
464472
463423
433617
435246
432064
457138
502997
551964
549727
552939
462472
481611
428606
434322
439818
485779
450153
489498
469473
450605
490894
436538
434502
454501
467550
550169
514079
465858
472293
442004
460949
443196
437209
558468
570387
549766
501194
493726
461652
464193
546825
483987
583144
505471
462070
441053
547999
502975
561319
506139
467526
439167
580636
521134
509502
471803
434906
439569
542252
499190
461207
470571
429753
466025
476181
431193
476796
545492
530249
465015
456227
459061
466511
536859
501105
475690
437925
545603
501499
499855
471009
458577
444220
556956
476979
473630
451769
545263
503477
540885
451069
479092
553494
548454
503469
549818
543592
484800
493985
473687
546177
505925
546877
554036
502722
467108
435402
488607
483239
459098
441085
463763
563440
493032
465588
468905
476033
469178
504548
486527
464602
548777
468636
561274
488153
463531
480022
461476
439432
475096
481105
432491
438905
441135
434450
489774
484544
419663
543398
548304
502619
577679
540598
502458
442154
523228
469800
527793
494348
462555
466327
544466
484814
464366
463462
433014
430986
440760
431348
538202
479131
461084
461882
440946
465770
427968
450429
460394
445579
461473
491660
427266
556372
554628
503815
514142
549257
468837
459160
542595
505290
562440
572204
491047
460337
472278
518214
470971
524143
488554
468690
435253
535523
533025
466182
458612
470228
461295
435584
456157
437352
446739
447031
412193
421308
427467
431609
444742
516922
486194
426116
443007
436864
420832
415331
456263
416743
409970
418924
437929
458005
414263
425402
460884
438996
442307
445374
462474
446767
452766
467500
423701
416005
406159
432124
411055
413044
424322
451453
435993
464840
431587
429406
426273
469158
432415
418631
505536
478310
436466
460169
470296
443108
447499
430445
465940
444527
414234
454711
480153
460839
448301
449175
431646
428239
435426
472103
472331
440192
478770
441694
439942
426129
433216
458061
441263
462100
541325
493840
474956
436593
451933
424052
446318
416238
456257
432788
424333
465167
432959
443666
468890
414230
420127
463263
473742
448080
429049
470068
426845
441229
414401
426689
427513
481729
465358
406874
177166
158708
156107
154994
155561
155475
168200
161389
165747
161830
168550
162302
145841
158942
143757
154669
153717
142823
161235
158131
142868
169238
151690
144090
144839
160440
155093
141033
178128
150918
159251
164306
146915
157974
149980
146506
146496
144620
148230
141667
140379
141444
147913
148058
145045
152743
150907
142312
153564
146992
143469
143518
152775
143061
147746
158318
143054
140821
144980
169150
141553
155687
153927
144853
146205
163385
155919
142085
154913
148656
145451
145682
162404
141724
151845
162763
147555
144758
151314
141685
140780
144487
156994
142182
144298
174200
145832
143892
163951
159566
158446
141886
180070
141065
146435
154671
143448
156325
163711
144278
155721
155794
142670
142146
141866
150229
145341
142984
156161
145601
144856
146807
141879
147288
144597
144749
142356
140251
144022
144745
146859
142859
164289
148578
141221
159194
146249
142823
143559
151443
141428
148905
149622
144155
142273
158646
155430
145183
143580
163029
142383
144678
154122
141243
141023
138956
146146
144387
144104
182877
141419
139794
159763
145637
144792
158361
158650
147138
156959
179281
183128
176024
170082
161354
171537
163991
173360
159616
180172
160192
155145
159053
159405
159716
159802
162326
166532
181007
155226
160282
162174
201931
157770
160558
160939
165015
167475
158562
155855
178617
162629
164785
164089
157711
153968
169055
158609
175965
167821
168096
163835
166738
157341
187497
184389
176785
188088
178567
179487
172047
186317
171180
198333
177667
157105
163720
187003
178960
171406
183620
167072
174271
191753
162464
498750
355176
175531
168115
219759
183251
172286
330736
302446
324234
306880
330970
340259
291112
298033
278964
277966
309041
304653
291797
301776
292420
362233
311407
299665
276782
280625
274341
294239
278729
286073
282035
299827
333497
331544
277534
309448
275729
356664
334534
400771
435826
544017
435674
448744
550198
549559
547654
557304
541124
570956
556312
752358
523072
566122
536580
486900
443318
425484
385826
406129
424966
387485
339412
346386
334279
315825
313803
308012
297112
320686
318210
477020
322216
307820
270113
264648
295161
279337
276925
273416
272869
291638
334307
351032
273117
236238
252184
243749
264758
259434
279411
292769
289735
285311
266730
254605
258949
258799
268318
253117
260014
262171
299041
293759
329260
355010
419712
374061
315339
320423
324472
311984
324226
310270
485894
385428
305740
315715
297567
303410
290494
299840
284016
297959
299306
380220
424879
287199
289125
275180
280925
284397
304906
334524
289158
272142
383994
349520
410695
411922
467400
452669
545863
549560
546813
570396
714901
513654
561690
549196
549991
546750
546534
547294
770512
506947
443566
474718
449197
437812
548688
547256
797419
798045
634838
519755
364025
329419
296262
356448
336170
331169
398111
381342
410639
455918
431720
395400
457700
487541
450453
436125
505814
483781
515798
515386
513664
472942
452878
431832
546059
542240
561258
514536
547804
549009
550552
545448
544975
555419
550785
549586
548365
557652
548221
547176
511825
548782
547751
546916
548219
549720
553251
514602
448732
427901
431749
585364
500677
554794
548293
552413
550593
552469
554367
523534
514514
513432
513820
516395
476234
456163
431935
532749
485714
450031
461484
516600
540229
547976
548055
550184
569883
551197
549400
547412
549815
564180
549570
549104
581100
551429
547620
515444
438689
456889
474634
549026
559181
536371
512951
515061
540550
549901
512997
552845
517491
544135
482356
454624
516075
551045
547615
509850
546901
513004
544600
539981
507164
489036
453259
427435
546445
516281
468463
496779
429232
514738
509253
542418
546505
527409
527137
447236
474172
513824
514166
553211
517336
513925
445870
467368
459238
542863
550683
530718
528329
551484
569265
548807
551368
531392
453186
463081
454390
553469
549847
581640
545233
547963
571214
553543
512066
548913
563422
514301
513245
456718
455983
435726
552212
747514
594277
588413
456226
393627
300897
314882
248462
251846
260513
244119
245404
242294
252623
242987
249245
229892
244041
249467
221715
248530
225680
219164
234039
222935
227951
183164
173124
191047
158755
169098
188756
177155
175241
162038
152432
178074
162841
189427
177149
161765
208287
177081
169888
228083
206350
258375
232771
263600
255094
304259
273248
315734
305415
343517
335226
311479
354860
361151
399357
432306
436422
376951
429571
444850
425952
395489
584089
456219
456902
462418
445043
433592
747469
761205
638182
681507
688798
509399
480673
273186
267222
214627
190644
179218
162364
154713
165946
198558
162998
165793
152047
150569
157204
192569
214352
314420
267924
357690
332419
537971
511393
515814
561858
548198
551128
552329
549527
548579
546280
550419
547380
547959
567427
494737
461181
438219
514549
545476
550746
546865
508374
474437
483461
446768
459703
548839
535590
571283
548699
547515
545776
685565
697335
510350
487021
383884
262617
274156
299137
249925
240101
240630
216971
157559
147914
193273
162232
200788
162865
161025
208700
159502
176880
173293
205454
197463
193428
221308
226078
246973
254282
280582
273935
305583
308181
341501
352122
308267
397827
368174
356361
411635
397655
374891
448492
456405
426486
395888
485040
497464
487007
480331
469180
456882
513284
513652
553992
518493
512803
510499
489601
452431
768593
717913
546654
338647
276561
245812
304928
215641
206557
163827
166450
165345
159572
157757
180609
160304
171630
177644
172094
268302
211767
198167
304871
277578
391804
367400
447120
547639
550717
586838
559904
502577
469942
435880
549821
547295
545450
550718
544900
606482
545850
548970
564175
467491
454585
459030
477749
539373
602407
547574
549833
562228
546083
562807
548205
592430
517584
477885
474923
482055
502182
447223
441707
449997
462120
400118
387349
294910
290694
242101
218595
307621
291198
295172
408647
543132
498131
514087
457515
527097
549421
509454
484867
456192
578345
545170
555829
524648
559578
505870
461087
453956
490635
432833
447011
439354
439625
745798
533077
546553
501935
579836
502534
504674
508427
464664
436415
460190
518431
485084
490430
484666
500988
472452
445183
544142
505462
557173
528439
520518
489811
348008
382896
241827
250812
266942
266921
409625
411838
527813
517383
448877
546064
502666
561532
529316
465885
433080
553906
533808
547947
563941
500833
495289
434753
433010
435830
439837
466316
442996
469899
442389
453408
548017
496926
565563
545678
508146
506523
455871
468204
512723
505994
473150
440986
459789
448389
488202
463489
463852
549616
489469
469612
497919
492918
594206
802072
405755
275396
272141
305869
229641
251296
342068
372343
520387
463919
449115
510807
468438
460895
544968
443474
516144
473197
471570
457700
455075
434942
442814
422653
546689
471743
488822
494310
466562
482939
578119
421488
453751
419276
489973
480776
428559
417648
423584
598363
423619
349959
321900
375098
546121
182578
186141
203875
197166
311585
327973
316489
307847
291555
291530
291960
286836
254422
263957
262245
283306
251500
276313
178229
185275
169025
166165
158672
173439
180718
168126
165390
162690
173762
168257
163290
165543
158569
158928
148368
151886
164051
162148
159778
149830
161420
149629
162873
149184
148677
162165
155440
146072
167523
178938
151133
156211
155485
145123
141936
153780
468577
418539
410627
389664
430501
427307
436330
511164
471542
593751
517354
493301
468552
470189
405335
409704
664572
705777
506028
485516
369711
368499
284841
297956
267267
271073
204916
169842
164251
159611
159812
189177
160108
163309
185625
177266
221409
198616
247472
288429
358580
338597
389217
405414
489568
545390
543125
549974
617289
536686
556867
547401
545793
547479
561865
567625
505400
487602
469931
449960
546347
578302
548467
541812
567670
584846
556987
544306
544776
553741
546694
585104
515484
478331
467516
514190
516190
549182
548837
552944
483656
419731
313538
229423
215688
252860
236783
266401
318788
357274
462689
421956
578984
544126
561698
550435
544710
548872
545633
556846
545522
550843
546669
546038
546707
569955
497148
441635
434919
513198
510625
511706
472653
453864
432842
549710
578653
511964
536331
526242
512933
468213
454997
434667
546192
546850
548490
561002
551238
556072
552003
547667
547260
551477
443109
344770
303825
248570
229615
240191
211899
331251
293292
399716
411583
508564
469597
542565
548531
557759
546033
548074
547183
530107
545961
548906
500357
459260
438227
555864
560660
569511
513414
466375
446035
458625
547565
544609
546590
548211
543912
557633
546084
568592
544460
547828
542907
