415839
418626
339912
318907
276126
249952
278521
252685
266276
245982
271062
246830
291229
470541
476692
433305
443105
383510
362554
381960
369741
368254
360299
424186
413557
475853
440857
289233
271866
270466
253801
287332
247654
371647
291845
328948
317415
246882
254792
227769
250996
229747
277046
242341
329226
302914
264640
248004
253117
365362
323704
263938
261253
248666
235356
235356
245879
248411
273238
315160
293369
343083
331280
499842
594806
384318
296202
259124
249751
257467
288810
246744
253736
262607
255512
281305
252309
243894
234805
237232
241924
254195
239558
530037
421189
328795
325699
248356
294803
269934
347767
339026
384165
377609
428003
378252
470771
364378
298976
307913
390584
375347
477212
446807
489044
507189
445026
369423
319294
435238
485115
514657
488485
488823
598907
439360
409889
363931
411870
510514
482296
599906
540088
565240
550856
754959
724333
593131
438998
423483
447533
470845
454178
380921
392272
375499
290296
244131
267888
245154
306170
295816
299888
242490
248174
254963
256877
239190
281398
259087
311311
325435
338996
330722
436524
415774
506368
505535
726285
657088
708860
728482
711673
677454
659359
659568
648517
634730
637917
712967
675009
679419
619222
768089
717400
647657
653867
652224
834581
730506
602659
603709
697427
586723
831499
752179
487877
461496
423963
407224
277352
283443
294640
301199
511681
585347
385905
323477
315618
327885
329860
337079
333400
324947
370088
372739
251605
261912
243738
239375
264245
229502
252957
230236
247517
289353
454298
308609
265456
282925
276760
294593
312604
300261
311527
311454
305151
348292
385926
326925
347052
281670
280899
285291
286818
328919
320510
461857
454139
332549
343188
342372
324486
327625
335971
360774
308970
436195
430112
338511
324502
248893
263094
248109
232309
241038
228806
234160
440562
354883
301790
329293
321212
330607
321067
310178
358006
333095
434981
354761
331257
336281
301793
312618
302943
320548
310308
330474
339244
343720
301546
314799
324826
333289
316369
306716
324789
305895
326505
454386
336299
304110
308813
316438
350290
331920
337760
329691
353098
329466
372167
347757
306888
322370
315059
332478
334303
349271
332583
315808
493636
373581
344599
299391
281901
273661
240733
253990
230725
249697
221010
335507
292960
323173
388145
373256
419086
428733
411005
387117
467936
501225
466512
418845
485666
532862
478109
490515
513382
509579
542833
520898
521327
525076
515507
593154
595447
592549
592285
616544
586972
591451
586092
586575
550234
550976
566779
532396
596151
594035
599239
596392
615368
637969
606239
609310
612388
593736
569815
518196
455573
318786
359584
254914
275594
377762
398632
514243
484190
515259
591912
624952
589278
596621
636103
627385
624381
603033
593248
589131
550360
547099
525531
522478
596309
556631
623643
625936
635257
622782
625773
626505
622320
621639
588786
595131
593041
611182
624877
590082
631308
624025
599834
614020
589533
608639
626968
628034
627000
607383
590428
598039
495857
397292
329022
326176
267399
349828
454365
493788
485244
704207
645728
702089
675236
755242
721878
696438
667223
677397
636011
646504
660469
689975
661352
659377
650375
675657
677459
664477
645702
598274
627823
739006
619487
658186
618340
621695
581551
621649
608321
631539
550660
622758
584506
559462
546361
555021
603511
559005
596591
605155
549752
537513
516200
461900
309437
294745
322841
298885
431660
445644
514488
504169
589308
587764
541408
515961
487204
529012
589094
563252
538356
546363
493633
566570
556933
752055
559024
513126
534813
506089
522730
529174
522353
563013
525017
524643
525853
532673
574522
522776
717131
533505
558128
510570
495542
516192
462222
555620
560126
582312
540652
537457
548426
488626
504948
614790
501264
501701
398419
357675
325004
246896
237724
342614
339403
563436
572693
556478
510044
492016
485605
497091
717299
584912
508007
478368
539696
502195
498362
512701
475268
534848
543468
503848
520538
493287
490806
520950
521760
525684
589172
569464
780604
560758
491927
480368
566800
569216
557046
501338
471750
529597
515402
610139
536663
526498
496648
497922
606825
599756
548929
513293
491183
374181
400050
270755
273709
270404
274825
368403
594027
574187
574068
524568
510973
490232
508472
750851
534937
575158
562608
535612
522190
498202
486523
522281
560186
541470
499228
486863
610955
569412
515152
514024
588743
578609
584350
580718
523243
476614
543818
526512
655156
538877
516600
525729
498354
473835
519055
593371
591408
562073
539057
540656
546495
516764
442994
503434
322457
321691
235648
278265
314493
339938
423050
459982
566227
591912
555397
532588
559576
528276
587789
558250
550385
548364
531990
539333
523734
590549
563608
779069
607686
560533
521534
573595
554439
536429
551722
538675
513257
513092
547595
733660
520693
557657
549622
515007
497541
482231
516381
526101
545316
570381
569004
516010
600345
572643
634372
575908
562798
557489
413668
307811
307234
271660
230502
287777
291441
309319
449591
420778
569506
525687
537736
534699
552704
621049
584127
591296
560650
549793
538815
515998
540712
606519
560282
557111
563383
564571
515015
589721
579623
764116
550218
546623
585961
528737
517401
517142
496524
563277
533499
525716
540245
493660
558730
554595
601229
563176
519563
507347
590307
525480
566519
542231
514390
467634
342847
384517
259749
248960
243343
393933
371610
511298
500203
538225
538555
543990
657137
582468
623478
638116
627572
255103
245247
237503
246420
208605
241149
267312
240936
241356
229796
215893
241753
242070
245629
222729
270371
229006
361730
656033
657090
630275
617438
650297
646782
628015
616460
658825
726842
679303
675718
607254
574928
733822
622413
592817
705552
651167
652385
578334
699322
481137
320067
333715
254743
315165
542916
401681
375020
364559
343823
350222
342097
345708
355760
385692
376231
379979
320014
256867
257735
240634
234846
235187
222845
240059
252158
232717
267723
238767
239006
227301
255872
338447
358029
354968
332299
339014
326312
490937
370446
330953
348166
329011
326132
357499
337746
366496
340917
445689
404337
334080
330572
336698
378254
352585
341271
397079
368787
359960
400272
340503
352270
335207
313960
264904
280344
271764
254085
256141
237189
281556
278735
293178
294662
302435
316421
315522
349324
332298
350725
352313
358517
353967
320438
350901
339068
324990
336132
332713
334971
331803
492996
368933
335078
369523
358403
374111
361395
344610
381997
353185
356835
377374
329213
373470
342730
363168
357829
345218
401308
352568
386806
405211
307365
331911
320947
343272
359801
342826
350678
337520
353150
517926
355383
344622
313344
317436
256750
289306
235874
260781
224177
246099
255785
284422
330875
316907
366517
341511
362452
347586
333569
336598
325093
420633
382564
330984
334160
315676
380944
351881
389533
371037
345083
377607
373986
341762
316061
343350
328528
329538
322345
327097
354649
329395
329297
334234
349774
337612
348785
339924
312012
353460
329314
338326
326980
485600
364518
355901
381069
368318
334597
372745
344295
362397
353182
347234
427454
360819
340874
332124
270063
268945
227980
224618
251995
233113
264109
269079
324712
316089
422702
356126
371662
374680
356647
447085
442071
527068
369687
502381
482930
384687
330593
353269
350316
344989
335579
378351
339235
319154
364820
349556
361357
369576
330548
350786
329980
331101
342521
348475
348217
332389
351214
340183
356316
341370
321108
381323
403912
353737
325905
321854
314205
324848
328413
325642
382838
360283
421427
390404
377661
410182
365342
347879
267708
249690
252335
231401
288657
242648
332355
306431
441581
439561
504199
476758
562898
565071
573892
613778
567595
563652
564408
546103
536811
502137
595914
622262
566777
590317
594102
594334
588856
557230
558756
552334
530652
592158
597883
553355
543047
529029
520919
534845
635658
624629
624001
635764
621307
626890
624540
591685
589452
556434
567466
562157
473701
423047
367266
315578
284779
260281
276437
386130
426380
526113
565338
588468
602153
588965
591345
591589
615919
594302
588472
634748
679107
670368
703045
798228
732218
845282
778695
696297
673858
667459
664060
666151
692290
847799
702717
763055
732115
604249
580804
698044
615824
664542
623546
630461
579166
603779
577971
618611
596558
550195
518091
493956
424284
409942
287795
278549
218629
219755
288897
265871
400411
526259
522115
507480
501194
495072
493349
497860
534530
536583
517793
741768
566046
481741
477709
646147
550991
541172
469419
458589
533599
538882
525477
519644
467441
466955
495408
534288
529874
507337
558259
537156
523858
539195
488583
562265
561495
547766
596949
545189
513282
497772
537418
550889
560093
592196
567591
498369
515524
450656
349678
291631
226082
294753
313852
390870
447816
546895
549804
633820
551308
611080
572824
551666
518108
500642
550982
488813
475526
592760
553058
529202
502725
520453
570153
525368
554153
532408
698019
498418
532307
547159
591364
545413
489770
475456
586389
561183
531622
517757
483922
515290
603869
594620
513264
512620
511606
870198
804618
613863
423209
488225
300464
242244
274692
249300
262667
227749
231868
236056
208209
256554
274461
371420
325580
387195
401688
371991
400938
417659
397959
449329
433217
440525
464235
453103
470714
521662
508540
486964
451745
486772
498984
488973
501962
467102
467803
494071
503593
525225
486026
588195
564605
521661
573145
507887
500950
535920
544301
552321
510095
547477
537692
531861
530853
540905
654144
552829
597272
581221
580497
605539
438370
410291
308378
302913
246574
234403
356580
354061
510283
548166
610912
535073
559861
623415
590422
592077
522750
522774
496163
238739
231872
242401
231304
227351
225813
244958
213698
225140
247732
225681
212692
227483
213583
208582
204439
219099
208726
221878
241687
570045
549078
242945
448035
304818
530538
482794
506465
539649
546271
532699
489999
493357
506923
508056
509148
492327
602040
578180
511597
403425
326679
307632
276414
272707
269665
247299
223107
222220
260076
282663
363282
418303
501084
539277
562090
559756
553626
573591
497499
594393
594454
573139
559455
528849
531164
519654
557743
550561
521369
524365
532866
504849
489473
585732
554108
565698
514901
486052
632308
558590
545865
543902
529176
566800
503919
562816
619923
581064
540533
506178
507699
516527
518954
538135
505941
494805
457555
450127
348889
359601
232964
227550
350024
323201
510452
526922
558937
557829
568427
511928
515116
630870
610082
559649
567736
527696
573112
588456
552948
590011
605458
546112
523925
524382
586603
592297
547455
576377
555181
510335
484227
623960
580330
748234
467487
453061
464905
511896
475034
517860
484970
573074
494554
537838
542571
532866
534256
569596
532044
565297
566806
512405
506263
347578
351267
265023
252149
218508
243986
274790
316312
382835
477045
497799
560093
523333
533014
542996
572758
560751
525112
543036
518965
541264
531893
525281
638461
546765
589794
593989
595400
613705
547653
573489
528435
507883
586965
554872
538919
550511
539143
532246
558542
525611
516374
546616
522627
644124
569473
651434
561364
556752
552964
473138
257630
242909
313296
255933
260074
234419
232892
235158
252097
206543
233750
232934
224793
262399
224785
227531
218962
222151
217885
616640
580316
638446
585614
605600
593880
543846
533298
512170
603351
591418
568520
530643
526812
588685
495418
539036
568165
540205
516792
503175
557885
550728
630635
559846
547197
518789
517178
566034
525199
522154
519817
559269
488685
566086
813192
607366
637709
431882
417804
365521
355615
337320
380670
332826
250394
266474
224380
219169
215175
267286
232561
257201
228166
253115
312445
340402
323220
460782
481351
508550
597098
599997
631482
633646
620678
754574
679047
663467
792644
672850
704060
696062
643556
665733
675417
670991
643060
640316
681910
703447
667825
667202
644106
758887
703814
664771
631939
630956
619684
699889
570804
480217
335359
303268
284010
241796
268126
246070
265729
245976
264468
241025
262007
243720
260996
244069
366002
221874
273846
266034
375675
356863
528982
561467
557917
642195
658971
633681
569854
665136
734168
644630
590908
666327
638618
629279
654392
656404
621201
593464
590254
592864
600996
606052
564233
538295
513446
594682
584961
562993
563255
604607
550384
538706
620628
568147
539136
631713
649559
526465
468505
376177
255595
257705
239943
233411
228250
232734
237444
226547
222958
328105
390993
388309
479375
535903
655597
774004
713489
665515
671711
657812
653400
663816
652872
767478
693401
644971
663944
629842
648626
619760
771266
714313
639418
626013
605658
722201
651579
811574
670936
669947
629342
626611
631268
721637
643361
651393
697437
668838
664426
690819
673195
732476
623365
555490
415116
351467
310030
333316
307747
301171
449631
450864
702659
667962
627703
770546
701690
658683
665186
624179
689749
653842
662101
639208
642394
642770
747672
685189
652796
648831
666090
645925
642851
775004
658552
599857
576497
674352
667558
704160
718396
622551
651249
641779
670754
641404
620648
1103092
1069115
1004334
793925
580988
564969
388208
393790
370301
346008
216719
228157
208418
237051
234443
217980
221651
212795
242665
238277
244619
246672
263800
259378
277593
312851
306631
323738
339389
396212
380837
383734
422297
428952
424399
412136
409100
465946
451532
506712
492845
502171
482664
495402
506666
527336
531134
580696
568178
499435
481969
538466
526538
530201
512539
492406
525682
558452
550153
879143
821395
713111
523106
514371
369644
365358
342330
364723
343768
348599
340298
218938
207798
209997
211532
209156
254613
203377
207824
207462
222258
216952
218579
223049
271043
269919
297060
243179
249951
228025
222583
215888
220772
211383
206361
206907
228264
208787
208886
223859
294916
218853
215050
211712
213790
470433
482460
473902
453097
453150
499777
501752
502270
506162
504164
508853
555460
544321
501855
513733
552655
729313
621554
712968
619430
612768
440893
466873
323448
336824
256434
237598
248298
247373
236057
241322
232888
272189
266058
287330
479470
353715
450629
373640
374801
369308
393136
381582
361108
398022
583754
383060
404400
367403
353699
372456
349919
372645
365336
330827
492037
382417
347545
349280
335866
394779
371360
354910
355691
346571
372281
384274
359871
374733
329476
360407
339522
360309
346672
337952
369866
534309
366924
474040
443167
346196
320769
342885
326864
329292
340339
548318
336549
300519
243084
230105
232108
235997
221596
240077
233715
407786
495547
310297
325644
319058
339027
333037
338689
334396
314074
317643
314803
363628
314157
329135
311069
327261
338399
320949
332263
322956
341527
341550
371088
347115
415282
348130
341543
336497
325079
359906
342618
358441
592121
343539
325192
355796
363197
350439
333797
381413
377149
347068
357526
379622
334754
331839
344021
352438
329299
330554
319714
337720
329315
495942
360644
296906
324305
251279
263709
247624
243975
252440
244169
219656
395529
300855
362057
342618
389095
354080
331550
375984
354854
345104
341040
383117
348014
363809
452632
349355
323068
470859
369218
311865
330804
336559
307911
303292
283858
288660
284113
282577
305209
320985
328340
314932
484010
354336
310692
338705
322626
337335
329214
345490
328888
313291
338408
366602
325421
350920
357268
331792
372307
248089
264633
249166
244233
243966
280577
246998
248288
239836
235709
264315
254537
262768
250826
262057
221019
453925
234606
251552
242136
268264
248361
246835
267718
226759
254523
238355
235987
271646
246914
227797
221414
366366
346216
346841
332720
373800
367732
385817
400910
360039
415703
353368
336015
531186
371696
338879
323121
325657
381301
327066
317035
365300
372047
378924
447108
505262
489651
569212
664146
639759
670550
1062008
393324
384889
372024
386699
391760
423075
384866
386677
373536
369579
371254
238782
238684
234474
235437
257646
236828
287209
259035
229666
245318
222456
223988
221781
231266
242603
225674
220518
229987
230241
244576
224225
228072
242910
206844
219760
209504
214881
213199
228619
423818
202547
220046
220565
224355
226450
266681
375831
239002
301243
297980
356599
352525
425272
418378
458777
494636
541144
592323
639124
955161
850547
647546
579064
485046
399663
375431
389482
339090
372886
368936
239914
218870
212136
226188
205926
237873
247162
243171
208140
238095
236843
215731
255195
249217
252063
315017
289572
323933
270030
205128
210201
211869
205117
388226
381291
426896
407315
418229
424744
412216
439819
459640
449077
473262
475053
478251
492704
482783
523646
546346
565443
515591
506046
508581
531068
532275
503958
534167
524512
543495
875461
784649
708925
508722
512418
346825
407022
371444
379854
369948
344011
376462
220711
212138
233294
214516
212357
219239
273040
220162
213773
212570
204783
229611
223146
242186
240654
274148
277193
275314
334804
300134
340853
328320
356120
348080
383529
396876
417763
423943
430803
434313
477129
446004
443427
460036
454690
486730
498116
519271
508160
564056
521316
509201
502271
504805
515133
519828
565305
532834
537829
641125
931597
736403
583650
538425
357722
361231
369156
338945
343139
334668
366790
218509
212364
208567
203914
218154
209251
259807
208318
204747
202123
214361
215521
222414
235499
253831
280693
273053
286117
319403
312517
363657
343496
358565
361916
394685
381919
402514
410321
438364
496370
458252
430733
438932
493692
482206
463720
474720
469284
514961
526016
552823
509357
519207
558718
558380
509821
497314
594662
566900
531371
912257
827265
647497
538234
464847
340724
383381
390075
375509
374119
352772
331808
218416
219020
237785
209984
206310
204065
238866
213374
227031
223145
222337
231483
246399
254781
284733
272552
305140
311094
335414
324122
356885
354305
371096
392286
401348
400276
404135
408604
477220
440293
457731
461075
460778
467656
460268
494186
476261
565034
545100
517717
480243
468940
516036
526966
550195
501967
569140
529743
523042
922676
780285
690848
516426
512993
358176
410789
394660
373844
338160
342154
338027
224227
207835
216616
214220
209431
220818
250952
214827
240120
209590
209194
202737
209970
232823
247697
385141
360408
328384
302044
243063
234937
245117
238782
237633
209515
205365
227838
211232
235375
239824
207900
236841
214303
219548
208040
203750
218957
239032
209520
417659
419743
432290
234237
208503
229587
208869
212130
481366
500315
504812
487078
542915
527284
538563
878587
847562
657026
618664
491343
348029
380809
340595
381275
341599
365564
373694
230131
214001
227479
208502
245009
227122
243192
214428
210410
206228
241860
223520
226146
253464
258740
285837
278813
313021
305069
354121
349252
365196
380883
393473
403855
403537
411019
444261
448531
458256
457007
452918
465873
472186
498365
489465
518802
518389
515926
556041
536233
556719
538941
576422
544115
578588
545679
605743
588809
842826
697452
639794
476638
476723
356348
422550
361411
353719
345148
351037
357570
233040
235736
231777
214814
209587
225056
208844
205286
248652
214729
225734
219158
216766
251151
252369
261120
419790
313487
255217
230181
227327
207925
218144
347654
333968
347496
337027
377159
391837
430091
408993
403378
402014
417427
410051
444524
469101
488565
491374
505806
497693
480620
549415
566280
514872
530594
547927
531468
530961
556063
826932
882187
727469
531491
543334
378057
367130
382247
353506
365434
381305
322293
288569
237941
214816
218536
218926
224423
230900
211908
233808
215760
209529
259050
236149
272382
254996
289011
283889
316139
304600
546807
354920
338712
380620
370672
360599
410134
415582
432202
446761
431117
418063
440585
438932
430995
489142
485200
465503
494409
472371
476407
485208
482263
589727
534904
574739
719739
546353
532456
539865
577003
478734
385491
393772
343794
250006
350465
265983
255645
287243
234617
325974
273938
241384
233421
245700
306503
244474
270328
300112
226867
253800
215067
232393
254836
243777
274297
242276
250161
234686
244601
239960
284509
248045
254213
214427
272995
334507
257967
246420
239580
237749
272072
222215
220034
228409
254586
210338
244043
231205
265503
251662
236685
266354
234205
265412
237671
237550
251596
214347
238785
232521
236302
238598
360136
249614
222808
264019
238252
228964
220335
302807
251597
244038
286848
243329
437036
351567
330125
346988
311538
325541
315571
317982
312442
335892
322618
324934
242906
276904
233029
229840
226962
236591
235501
227033
223148
229256
231766
247261
340323
235544
286161
256028
239787
238977
262746
245472
262149
241833
283429
241023
244984
232088
234325
265046
241442
266084
242555
263985
240423
285404
243921
262526
242977
263079
247635
262428
245918
268871
242339
265702
241575
366061
224845
241620
304576
316650
312673
334472
353527
341090
320206
313740
376207
320298
324476
326777
331229
333156
335277
325272
338400
317215
383508
306236
241526
248674
232278
243933
211900
227157
235048
223363
243907
228186
269724
222354
240404
231411
217085
216513
248880
237593
260846
228645
230955
238792
246841
259096
232803
227542
221553
257901
233459
215310
234712
212905
204602
247691
251549
242229
221628
225192
233153
208103
227483
224498
237523
227682
208225
245858
226203
227099
237545
233253
219687
204672
214206
217886
233131
211404
215693
241282
259601
221459
231665
206413
219639
252330
225567
224955
226597
215136
239893
228078
230748
217509
217116
242999
228331
221120
211563
213556
238617
207094
204155
237753
254510
240500
236856
319153
344255
371601
243829
256945
231023
234377
227483
266141
266359
336455
267963
254311
237099
227219
235783
234936
236091
225235
223113
260370
220036
238304
224515
222827
213670
228830
246369
207576
223302
228425
231977
234454
229266
240523
215958
223144
238580
209760
206911
220491
224827
214892
231106
248211
226249
221058
232622
212332
205846
212295
513734
558863
582039
582473
583559
562782
554661
562882
595525
554061
589572
597360
617313
540529
565033
607878
620620
558460
568017
571169
586193
715522
689114
673407
617228
626740
608838
645163
632859
691634
646947
644795
655578
632675
594029
764758
668928
647887
689192
676872
646321
618904
765372
682982
672814
658502
744609
629708
620081
642606
742376
649708
627042
627804
798004
658269
638752
585702
568894
703102
675102
667085
720836
595001
578836
625703
630046
636390
619280
624638
623086
674587
620932
774431
526465
482618
499771
597409
586290
573931
567588
692667
618866
668398
646056
675227
663859
659209
646930
640199
651039
648835
652437
676751
657748
664042
659849
668669
683601
635893
622061
661611
676834
624394
633163
628091
607781
645661
629753
599275
621094
845099
714460
667803
574582
400629
390276
299256
276580
375700
380816
781318
579433
254681
347165
342584
310300
294523
417780
419894
515929
430662
439794
333481
304439
360406
269834
271254
249222
249698
284912
283370
338357
332899
452062
409519
287627
322304
251274
272943
246093
272386
265352
291754
345135
315330
300426
239705
259420
246364
253699
243076
271621
242563
270448
247568
308371
266395
242507
261134
241542
265209
245466
268636
254408
297113
241254
339165
243272
280997
260711
272237
298079
250589
279342
260751
286126
259632
244188
275096
252013
257198
249166
262908
240170
233073
331477
255566
267017
245011
281189
246320
220092
230810
284377
245912
227100
289939
279349
248650
258375
249641
281695
246736
251037
251105
292449
255634
292305
245590
269780
246618
252901
245441
278779
227567
290615
242918
277076
242686
266829
241890
272773
245756
253756
271293
241229
266271
243501
261939
236702
270514
247555
279970
242463
288874
240751
241969
242714
250230
275937
242878
282223
251284
268995
268990
257595
243181
271476
227427
265118
243747
252577
246945
240055
297403
383463
292442
247947
242697
238541
271425
244094
281687
263217
268945
252092
248741
235326
236412
276547
243955
249333
260011
322033
251423
282958
231946
256402
230358
262064
236027
229722
258191
245607
266182
292434
361819
265112
298036
283194
269114
233279
289762
360719
262295
240758
284500
315143
299296
244126
248137
260953
307683
235272
227502
271202
244321
288861
270201
284954
242658
269123
244733
269662
246429
269850
245281
269773
243449
276861
272571
243962
291293
242367
266719
241753
271211
242251
274175
247116
291347
221185
237048
277754
275871
255062
245441
249725
234786
234957
227331
288589
274619
246825
272927
254329
268732
243695
265353
244867
368094
246141
273394
242791
275071
244125
240696
235722
276314
255031
277425
229879
241956
273939
282113
241923
278632
246038
271089
245168
267519
249377
267829
254136
309183
253729
294504
269710
275018
252355
271594
253877
259458
234937
228574
277505
266229
278237
259250
266671
249951
287862
279968
285553
252247
249672
234183
296706
248719
249621
234695
231917
229471
234778
265517
227399
234312
233037
224061
245899
236285
244346
221579
291436
245068
234568
246972
230780
226188
235418
239125
232966
226828
233098
238568
238219
317536
252451
238414
246771
257236
241722
346876
263526
255024
237043
242142
254034
231914
242035
228037
237696
264091
241179
263763
239691
268271
242964
268894
241681
263297
241043
264894
239759
271902
245922
235364
229799
207501
264046
228996
282432
245078
251721
222665
271034
248997
273747
255014
235492
211087
209428
246194
220962
264039
220722
608092
552199
539352
559295
561118
527170
494159
485143
589616
566037
563518
574830
738894
463146
451806
406794
528988
425600
392880
375691
508127
398215
363053
375315
357533
512386
415140
383562
392850
383707
435151
417317
408412
382852
431675
447724
420635
507170
509232
477218
470795
560086
581398
532021
562427
523019
512582
494578
597194
578076
559876
558232
583700
624781
588437
588468
601538
595794
816396
559230
529232
587680
560641
568380
551127
534147
535264
589774
596599
624671
602535
587424
588206
587894
660455
587806
590583
597613
593058
588008
591811
587973
592068
587498
601501
600645
556414
544771
557592
554463
624596
648734
629422
589613
584077
587592
633553
588180
635427
619911
592161
590562
590878
553648
549428
561779
685838
595716
734954
689927
669156
649164
705722
665080
667524
830264
791677
588632
482543
493676
481471
476023
437324
421375
483385
429287
402844
378576
364014
374944
359580
375276
378200
414205
448777
498217
472812
433065
430070
454153
460709
450925
474503
481812
480498
558938
556173
530631
507783
531952
488149
558939
590525
544858
550271
520406
488465
587651
562472
545777
534661
536218
536373
533312
810552
534212
563262
548624
587412
534757
518888
519472
520533
590085
553192
600500
565375
513141
522851
517627
613899
550087
607966
562149
515242
507353
516299
590064
553437
557827
540949
559875
510913
504244
591190
567069
555000
559375
552300
541705
628134
580634
589897
562038
594406
554190
542201
509644
580123
529452
501157
483918
588966
523082
571379
530205
524024
529832
506702
484553
521568
539923
521801
586611
557366
627635
592197
548013
527997
505902
539290
602212
619709
588322
535847
455842
465047
467637
234664
217794
326526
437444
498563
557854
661167
667614
655003
730582
687621
645920
764787
672300
676246
661452
615263
612029
769686
682009
634860
639579
612891
759904
644842
600605
623346
677185
613662
737636
591946
403672
253852
293655
283866
265141
380594
239857
233287
242822
234372
243803
254553
230984
241143
234135
229347
233226
224892
233237
239294
244370
244643
262713
245153
240428
236439
226939
227740
240392
244150
240611
208326
230082
232528
246781
265201
235224
230610
230299
226325
233808
243103
229571
261938
278339
239075
236778
251810
227713
234805
236582
230181
244629
229483
237273
240322
233092
245134
233190
239901
228517
221300
240219
238985
236351
226769
221619
246053
275826
255354
236137
242702
272376
244409
238316
215264
225542
224084
212802
243111
239244
263247
224400
248322
221181
234557
766628
725472
690816
628475
661770
653984
686575
668269
638884
617480
591509
769909
665576
676427
751213
664259
610379
608002
619109
623543
618219
640459
641827
639651
620452
622970
619549
620631
622180
589816
597243
592390
586469
586876
654604
723244
538546
485409
626586
442743
415264
652338
407581
392369
452174
513737
398048
384618
364373
406453
344789
435862
405683
388681
465464
444336
444937
510747
522393
535052
499870
487703
478373
559958
558097
589313
564901
585107
588611
598281
529687
481029
340473
377403
268214
269900
320716
340742
362600
405043
488028
457634
532459
513102
618061
625955
631600
622017
584511
585683
541051
556466
494409
441593
605949
455464
434099
390696
440006
420024
403997
403389
384983
428478
474200
352284
361393
380535
353482
398903
379869
357524
413871
364949
493452
558994
371374
361417
357483
350533
319911
341438
323184
365254
461561
364875
343400
328814
379517
361124
340978
349524
348327
350076
347314
383265
358637
370205
343119
325069
382366
350615
370986
337043
398375
456442
378600
327431
314079
319257
306946
315071
321129
336892
337343
335615
410248
394329
340910
381304
341433
398916
362745
370261
394402
363110
390538
376628
331652
357964
336209
349780
362972
370931
349395
327344
372131
387311
345985
341463
305065
309358
307650
330494
325069
321673
410303
357280
383791
304312
424913
319492
329090
337322
323279
342000
324284
333394
441045
456178
348196
330456
306419
306779
326799
324466
313372
318507
315672
380586
338741
348315
323298
348007
331485
387086
355882
333590
335714
341124
395100
323191
338981
314251
325974
339109
353788
357452
353787
372903
497217
364011
364490
331803
376460
356785
336654
338093
338407
343092
347456
375871
318714
318134
312327
348274
330787
356948
357765
323352
346838
335604
405345
365773
358144
339259
326614
327943
327044
334141
340473
375707
485382
351889
370280
327954
375385
360172
356893
360022
331892
334602
332635
410254
369299
353996
339926
322759
362893
342239
331648
340219
365866
493096
336831
347822
337249
372918
361663
350381
358683
358725
398485
388756
377747
350427
347171
349789
334570
318878
317493
325992
368066
348733
470552
363818
356385
386419
377718
382950
378050
379923
377146
357169
343642
367696
361430
365772
340443
359324
349616
350567
343262
336461
377284
496465
346168
362115
326010
360777
339271
365157
388957
344265
435043
353390
388896
347481
318047
326799
316363
322865
316486
337091
328434
335863
352205
375914
348415
332469
343848
338689
380805
369439
356881
360938
342734
408630
382274
399207
341594
224726
241539
251719
241641
236281
215691
223434
239515
237753
227388
219789
218835
223712
215168
229824
208372
220712
258294
314954
368416
437549
409143
448356
499867
631710
700779
980728
662744
647763
697283
619713
591981
631246
670659
640586
638547
579349
542916
506993
560687
562567
546604
538501
497460
564754
580977
449149
376062
266517
264485
278366
247900
251144
276523
312047
384057
377030
487290
468044
567884
531585
554423
545299
526269
511610
604318
588165
521671
483892
535182
527364
529814
548998
497291
503724
556811
535758
524165
524840
585771
549565
587908
594950
554037
564877
500430
483298
590066
552976
606932
588516
541210
548285
517517
625253
596023
557316
602986
574627
517606
530784
562431
419836
432336
310143
306383
226572
232356
231765
219880
226602
304644
392461
495509
470736
556755
547020
530776
549234
584394
678017
576401
521907
602484
590948
301900
223522
214954
221156
221102
227350
222330
226385
217544
233323
248861
208123
213095
229845
207933
203921
204912
216607
225504
209439
228479
232263
210944
218554
205873
205248
229524
214199
518705
529287
556966
588643
561026
533909
506302
498112
605116
591847
545520
517547
463365
357510
358052
291483
274462
243701
224165
320930
299757
431417
410476
574741
499770
588359
557881
546253
514284
486428
537033
637064
603389
596311
519821
505263
513700
589231
546468
596220
604987
586065
544443
538314
513480
589504
522270
530618
550364
547362
511140
493422
719354
544711
498033
519600
509500
487775
560138
541882
557498
542219
508338
485719
535608
596526
587741
560088
464946
392251
320169
310335
213189
222702
316654
303979
437243
514135
443296
591404
549164
590291
557485
547234
536752
533755
625888
552981
588966
551721
551375
533239
496037
560508
581616
647091
553354
600042
553956
542522
512585
488448
561995
610809
620945
527898
491578
561041
533179
532495
514680
521751
484549
576726
562713
528720
550041
528818
564855
602597
590412
599111
610515
458909
399723
454052
312183
259688
259800
253102
355376
367489
629386
591103
547692
538267
489641
496219
588311
571486
576709
519358
232699
242609
236439
213924
217731
206220
205212
205390
213031
388928
542418
531766
521256
491826
729144
509016
532675
536033
506632
547181
516398
517371
565486
520448
673709
639349
667091
619640
641135
633282
619409
717991
679256
641525
644368
586185
558392
466963
464276
333054
302407
234431
246577
244429
263136
233479
272316
250643
350742
329825
401555
451995
436961
507311
560777
655065
657835
664677
661208
655683
668615
663201
628784
619087
621318
626615
623554
600063
615336
625375
625436
594081
590473
584704
616514
564128
540995
560264
559613
586858
586319
596476
592884
589069
588073
627634
585752
588170
638125
481392
420323
302827
313572
240546
280865
260808
295450
256881
242872
229733
273970
408496
347433
378921
399335
459021
431703
397727
398402
393985
429675
536063
451625
415512
420011
373622
389237
374370
356401
404300
390532
379616
432420
348622
360207
349734
332961
333113
326143
384959
379580
385036
392224
308723
310474
331895
358394
354816
345575
348625
333826
381263
351741
365166
344530
329845
403244
392524
344291
357584
336224
383612
355279
369862
341410
272636
294701
246699
259869
267813
264028
246694
249427
282716
444167
413026
376269
319633
353285
342587
350679
352223
334017
362225
332214
341156
303223
331360
317129
334862
332881
311109
324916
315585
368474
409735
369733
341876
357071
349827
311393
348071
330462
353825
346532
358729
374345
335077
570380
340591
322880
339648
328261
314865
318551
323602
411935
360070
334434
319797
350403
343500
328400
395499
335442
380547
371640
349630
357326
283193
283174
259500
269179
255058
261061
221352
232240
255186
449322
386652
307489
295793
320215
310941
294412
319861
304419
321634
348062
368442
325398
357478
326629
336865
321026
347709
334975
325275
329365
361190
357256
312585
305788
312684
325344
337233
376954
365511
343675
373455
431245
338858
343059
312355
362923
342261
372474
361931
343596
373118
348077
357019
326390
319213
357355
337154
387824
370532
385148
375259
344331
420460
362584
352398
305160
247770
253762
245918
235594
255438
248161
271338
345235
345957
337003
344419
437590
414360
465724
528681
620408
660225
623446
735054
770490
718551
630035
658834
636595
672117
666036
661982
684982
648751
657071
644457
633323
647108
612451
751685
668904
607738
658676
695302
672446
672115
629535
637860
617817
665136
724360
667018
640946
701039
627851
602900
382918
422595
281047
277265
226570
250576
253323
254704
266527
398864
409293
415106
408669
375733
365893
357242
354877
374876
375801
421951
408608
348829
359802
336836
337498
349329
401234
388829
361740
350724
430911
383989
349540
336487
336843
332063
396664
392293
385894
383646
343862
397577
322642
339526
326918
315669
327776
312083
330224
329199
378054
354517
365855
338727
331503
372156
344920
372855
374939
351460
390682
341852
354958
351195
329627
291785
224892
241112
251186
259795
235428
239625
248610
350783
353223
316762
317395
327707
311603
324503
331277
345634
332479
367796
419538
397616
335584
353956
345344
324705
236384
239554
216078
240001
338877
434999
381587
365781
358039
331243
363334
341032
337776
327913
370912
360092
370558
486620
348192
328371
334050
